1400017
1400023
1400029
1400039
1400051
1400081
1400093
1400107
1400131
1400141
1400143
1400159
1400173
1400197
1400249
1400251
1400261
1400279
1400297
1400299
1400303
1400327
1400353
1400369
1400383
1400387
1400411
1400417
1400423
1400449
1400453
1400479
1400489
1400507
1400527
1400543
1400557
1400587
1400599
1400627
1400653
1400669
1400687
1400689
1400701
1400731
1400747
1400753
1400801
1400803
1400807
1400809
1400821
1400863
1400873
1400879
1400881
1400887
1400891
1400899
1400923
1400939
1400941
1400947
1400989
1401007
1401017
1401031
1401053
1401067
1401083
1401119
1401131
1401139
1401151
1401167
1401187
1401199
1401203
1401217
1401233
1401247
1401263
1401287
1401317
1401319
1401349
1401371
1401377
1401401
1401403
1401409
1401437
1401443
1401461
1401481
1401487
1401511
1401529
1401559
1401571
1401601
1401607
1401613
1401623
1401629
1401641
1401679
1401683
1401703
1401713
1401721
1401737
1401739
1401761
1401767
1401791
1401793
1401809
1401811
1401817
1401821
1401823
1401857
1401937
1401943
1401949
1401971
1401977
1401979
1401989
1402003
1402019
1402031
1402061
1402081
1402087
1402123
1402127
1402129
1402147
1402153
1402157
1402169
1402201
1402231
1402249
1402267
1402277
1402283
1402301
1402309
1402361
1402363
1402367
1402369
1402391
1402397
1402399
1402417
1402421
1402439
1402459
1402477
1402493
1402501
1402519
1402529
1402543
1402547
1402567
1402571
1402589
1402603
1402673
1402693
1402697
1402699
1402711
1402727
1402763
1402771
1402799
1402801
1402811
1402829
1402847
1402859
1402871
1402873
1402883
1402901
1402937
1402943
1402957
1403009
1403021
1403057
1403071
1403081
1403113
1403137
1403147
1403159
1403167
1403189
1403239
1403249
1403251
1403257
1403261
1403287
1403309
1403323
1403327
1403351
1403357
1403371
1403377
1403383
1403393
1403399
1403407
1403411
1403417
1403429
1403443
1403453
1403459
1403461
1403489
1403491
1403531
1403533
1403557
1403569
1403579
1403603
1403609
1403617
1403627
1403641
1403651
1403653
1403657
1403681
1403683
1403693
1403747
1403789
1403791
1403807
1403813
1403819
1403827
1403833
1403849
1403869
1403879
1403887
1403893
1403903
1403921
1403923
1403933
1403939
1403951
1403953
1403957
1403971
1403981
1404059
1404061
1404071
1404107
1404131
1404133
1404163
1404181
1404191
1404211
1404229
1404257
1404283
1404287
1404289
1404323
1404367
1404371
1404391
1404397
1404419
1404427
1404437
1404439
1404467
1404479
1404497
1404503
1404527
1404539
1404547
1404569
1404577
1404581
1404583
1404617
1404643
1404649
1404653
1404671
1404709
1404721
1404737
1404743
1404749
1404763
1404791
1404797
1404811
1404833
1404859
1404869
1404881
1404883
1404899
1404911
1404919
1404937
1404959
1404961
1404973
1404979
1404989
1405007
1405009
1405039
1405087
1405097
1405099
1405109
1405127
1405133
1405141
1405147
1405153
1405163
1405171
1405181
1405207
1405211
1405241
1405247
1405249
1405267
1405289
1405309
1405319
1405333
1405343
1405351
1405361
1405363
1405367
1405387
1405403
1405421
1405451
1405477
1405493
1405511
1405513
1405529
1405531
1405561
1405583
1405597
1405631
1405637
1405643
1405669
1405681
1405693
1405699
1405709
1405721
1405751
1405759
1405769
1405787
1405801
1405813
1405823
1405841
1405879
1405919
1405927
1405939
1405979
1405997
1406011
1406033
1406039
1406051
1406071
1406077
1406081
1406089
1406101
1406159
1406161
1406173
1406213
1406221
1406231
1406267
1406281
1406311
1406351
1406357
1406387
1406389
1406417
1406429
1406441
1406443
1406453
1406459
1406479
1406497
1406521
1406533
1406539
1406543
1406549
1406557
1406591
1406593
1406609
1406617
1406633
1406651
1406677
1406683
1406689
1406701
1406707
1406771
1406773
1406789
1406803
1406807
1406827
1406837
1406849
1406857
1406861
1406879
1406897
1406927
1406939
1406947
1406953
1406959
1406983
1407011
1407017
1407019
1407023
1407037
1407041
1407047
1407053
1407061
1407101
1407113
1407143
1407151
1407181
1407187
1407193
1407223
1407229
1407247
1407251
1407253
1407257
1407271
1407281
1407293
1407317
1407319
1407323
1407337
1407361
1407383
1407389
1407391
1407397
1407409
1407449
1407467
1407473
1407487
1407491
1407499
1407503
1407533
1407547
1407551
1407557
1407559
1407569
1407587
1407599
1407607
1407611
1407613
1407619
1407629
1407647
1407661
1407667
1407671
1407709
1407727
1407751
1407793
1407811
1407823
1407827
1407829
1407841
1407851
1407869
1407877
1407883
1407893
1407937
1407971
1407997
1408007
1408009
1408021
1408027
1408031
1408067
1408079
1408087
1408111
1408123
1408151
1408177
1408181
1408201
1408217
1408219
1408241
1408279
1408289
1408301
1408339
1408349
1408367
1408373
1408397
1408409
1408411
1408417
1408453
1408493
1408499
1408523
1408529
1408567
1408573
1408577
1408597
1408601
1408613
1408619
1408621
1408633
1408651
1408661
1408663
1408669
1408697
1408699
1408703
1408709
1408741
1408763
1408769
1408787
1408789
1408817
1408829
1408843
1408859
1408867
1408871
1408873
1408879
1408889
1408961
1408963
1408987
1408991
1408993
1408999
1409017
1409027
1409033
1409041
1409053
1409063
1409069
1409101
1409117
1409159
1409171
1409203
1409207
1409209
1409227
1409231
1409237
1409251
1409263
1409299
1409311
1409327
1409329
1409341
1409357
1409381
1409393
1409399
1409407
1409459
1409467
1409489
1409491
1409503
1409519
1409531
1409533
1409537
1409543
1409549
1409579
1409581
1409587
1409633
1409651
1409659
1409677
1409713
1409717
1409731
1409741
1409753
1409773
1409783
1409789
1409791
1409797
1409803
1409833
1409843
1409851
1409869
1409879
1409899
1409917
1409957
1409977
1409999
1410007
1410023
1410037
1410043
1410049
1410053
1410077
1410103
1410109
1410139
1410163
1410169
1410179
1410187
1410197
1410203
1410217
1410223
1410239
1410247
1410257
1410289
1410293
1410301
1410307
1410319
1410361
1410373
1410377
1410397
1410401
1410413
1410421
1410449
1410457
1410463
1410467
1410499
1410509
1410527
1410553
1410571
1410587
1410599
1410623
1410653
1410679
1410683
1410697
1410707
1410709
1410727
1410733
1410743
1410757
1410767
1410781
1410803
1410809
1410811
1410823
1410833
1410859
1410887
1410907
1410911
1410923
1410931
1410943
1410947
1410961
1410971
1410973
1410977
1410979
1411013
1411021
1411037
1411043
1411049
1411061
1411099
1411117
1411127
1411141
1411159
1411171
1411181
1411183
1411199
1411219
1411243
1411247
1411271
1411283
1411297
1411307
1411313
1411331
1411369
1411387
1411411
1411427
1411429
1411433
1411471
1411481
1411499
1411519
1411541
1411559
1411573
1411583
1411603
1411607
1411609
1411621
1411637
1411649
1411667
1411679
1411703
1411721
1411727
1411759
1411769
1411777
1411783
1411789
1411793
1411829
1411831
1411847
1411873
1411889
1411897
1411903
1411931
1411937
1411961
1411979
1411987
1411997
1412009
1412011
1412017
1412041
1412051
1412053
1412057
1412087
1412093
1412107
1412141
1412153
1412171
1412183
1412189
1412197
1412219
1412221
1412227
1412231
1412239
1412273
1412287
1412297
1412317
1412321
1412339
1412347
1412351
1412357
1412363
1412381
1412393
1412399
1412413
1412419
1412429
1412447
1412461
1412471
1412473
1412483
1412497
1412527
1412539
1412563
1412597
1412603
1412617
1412629
1412633
1412641
1412647
1412651
1412659
1412681
1412689
1412693
1412711
1412713
1412753
1412759
1412767
1412777
1412779
1412791
1412797
1412813
1412833
1412837
1412849
1412857
1412861
1412863
1412893
1412903
1412911
1412933
1412947
1412969
1412981
1413001
1413007
1413017
1413029
1413031
1413043
1413077
1413079
1413089
1413103
1413107
1413131
1413133
1413161
1413169
1413173
1413179
1413211
1413221
1413233
1413253
1413271
1413283
1413301
1413341
1413361
1413371
1413413
1413427
1413439
1413443
1413449
1413479
1413481
1413487
1413509
1413521
1413523
1413527
1413541
1413551
1413571
1413593
1413623
1413641
1413647
1413661
1413673
1413677
1413679
1413689
1413691
1413749
1413751
1413773
1413781
1413793
1413827
1413829
1413851
1413859
1413877
1413889
1413931
1413949
1413959
1413991
1414001
1414027
1414031
1414067
1414073
1414081
1414097
1414123
1414129
1414181
1414207
1414211
1414241
1414261
1414267
1414291
1414297
1414307
1414319
1414321
1414331
1414373
1414381
1414393
1414397
1414409
1414423
1414453
1414463
1414481
1414507
1414513
1414549
1414573
1414577
1414597
1414613
1414619
1414627
1414631
1414663
1414681
1414697
1414703
1414709
1414733
1414741
1414801
1414837
1414849
1414913
1414921
1414943
1414957
1414979
1414993
1414999
1415023
1415039
1415059
1415069
1415077
1415081
1415083
1415093
1415137
1415143
1415179
1415191
1415207
1415221
1415231
1415237
1415263
1415273
1415303
1415317
1415321
1415339
1415341
1415357
1415377
1415387
1415411
1415419
1415441
1415459
1415467
1415473
1415497
1415507
1415567
1415569
1415591
1415611
1415629
1415639
1415647
1415651
1415681
1415707
1415741
1415753
1415773
1415779
1415783
1415803
1415819
1415831
1415833
1415837
1415851
1415881
1415929
1415933
1415957
1415971
1415977
1415989
1416007
1416011
1416029
1416031
1416043
1416047
1416053
1416061
1416067
1416071
1416073
1416097
1416109
1416113
1416137
1416143
1416161
1416167
1416187
1416197
1416199
1416209
1416211
1416223
1416277
1416293
1416299
1416329
1416341
1416433
1416449
1416461
1416473
1416479
1416487
1416497
1416511
1416551
1416577
1416587
1416601
1416617
1416629
1416631
1416641
1416671
1416691
1416703
1416713
1416739
1416749
1416757
1416769
1416799
1416803
1416809
1416829
1416851
1416859
1416871
1416913
1416931
1416937
1416941
1416949
1416953
1416977
1416997
1417019
1417033
1417051
1417057
1417067
1417093
1417123
1417159
1417183
1417189
1417217
1417219
1417223
1417253
1417261
1417271
1417279
1417301
1417303
1417309
1417313
1417319
1417331
1417337
1417349
1417363
1417369
1417393
1417399
1417417
1417439
1417453
1417459
1417463
1417469
1417487
1417489
1417499
1417523
1417541
1417543
1417561
1417573
1417583
1417597
1417631
1417639
1417649
1417679
1417693
1417699
1417727
1417747
1417751
1417769
1417771
1417777
1417807
1417831
1417841
1417873
1417883
1417891
1417901
1417907
1417931
1417967
1417979
1417991
1417993
1418009
1418023
1418047
1418051
1418059
1418063
1418077
1418093
1418101
1418107
1418117
1418119
1418147
1418159
1418161
1418167
1418201
1418213
1418233
1418239
1418243
1418251
1418257
1418267
1418297
1418299
1418353
1418363
1418399
1418423
1418447
1418449
1418453
1418491
1418513
1418551
1418561
1418567
1418569
1418579
1418581
1418611
1418621
1418687
1418689
1418693
1418741
1418759
1418771
1418783
1418797
1418831
1418849
1418867
1418869
1418873
1418881
1418917
1418951
1418953
1418959
1418983
1419001
1419023
1419029
1419037
1419059
1419073
1419079
1419083
1419097
1419137
1419157
1419161
1419163
1419179
1419199
1419233
1419239
1419247
1419251
1419263
1419269
1419293
1419311
1419317
1419337
1419349
1419359
1419371
1419373
1419377
1419389
1419403
1419427
1419469
1419487
1419493
1419497
1419511
1419527
1419533
1419557
1419563
1419589
1419611
1419617
1419641
1419643
1419673
1419679
1419683
1419689
1419697
1419701
1419713
1419739
1419749
1419763
1419791
1419799
1419809
1419827
1419829
1419833
1419839
1419877
1419883
1419911
1419919
1419947
1419961
1419967
1419973
1420009
1420031
1420037
1420039
1420057
1420063
1420073
1420091
1420093
1420099
1420109
1420121
1420123
1420151
1420169
1420201
1420207
1420253
1420259
1420261
1420277
1420283
1420291
1420301
1420303
1420357
1420369
1420373
1420399
1420403
1420429
1420483
1420493
1420501
1420511
1420519
1420561
1420577
1420583
1420603
1420607
1420613
1420621
1420631
1420633
1420651
1420667
1420697
1420717
1420721
1420729
1420753
1420777
1420789
1420807
1420817
1420819
1420831
1420841
1420847
1420879
1420883
1420891
1420901
1420919
1420921
1420931
1420933
1420949
1420967
1420981
1420999
1421011
1421027
1421039
1421041
1421083
1421093
1421099
1421113
1421141
1421153
1421159
1421191
1421213
1421221
1421227
1421243
1421249
1421267
1421291
1421293
1421309
1421317
1421339
1421351
1421389
1421401
1421417
1421437
1421449
1421461
1421471
1421473
1421479
1421501
1421521
1421527
1421543
1421549
1421569
1421603
1421611
1421621
1421627
1421639
1421647
1421663
1421669
1421677
1421689
1421711
1421731
1421737
1421741
1421747
1421759
1421773
1421779
1421801
1421813
1421857
1421867
1421909
1421911
1421933
1421963
1421969
1421977
1421989
1422007
1422011
1422013
1422023
1422061
1422089
1422097
1422103
1422107
1422119
1422133
1422163
1422191
1422193
1422199
1422221
1422227
1422229
1422241
1422257
1422277
1422287
1422293
1422367
1422409
1422419
1422433
1422437
1422439
1422461
1422469
1422493
1422521
1422523
1422541
1422563
1422583
1422593
1422599
1422601
1422637
1422647
1422661
1422671
1422677
1422691
1422709
1422721
1422727
1422749
1422763
1422797
1422821
1422833
1422857
1422877
1422899
1422907
1422923
1422937
1422961
1422973
1422977
1422979
1422991
1423003
1423039
1423061
1423067
1423073
1423091
1423111
1423127
1423129
1423159
1423181
1423183
1423187
1423193
1423231
1423237
1423243
1423259
1423273
1423277
1423283
1423297
1423307
1423319
1423321
1423327
1423333
1423339
1423361
1423369
1423379
1423381
1423391
1423399
1423403
1423417
1423439
1423441
1423451
1423453
1423463
1423469
1423481
1423483
1423507
1423511
1423547
1423553
1423579
1423589
1423603
1423607
1423627
1423637
1423663
1423691
1423703
1423711
1423717
1423753
1423757
1423759
1423781
1423789
1423819
1423843
1423853
1423897
1423901
1423909
1423921
1423931
1423943
1423949
1423957
1423967
1423969
1423979
1423991
1423997
1424021
1424023
1424041
1424077
1424119
1424123
1424149
1424177
1424191
1424231
1424237
1424257
1424261
1424263
1424317
1424323
1424341
1424347
1424351
1424359
1424369
1424399
1424407
1424417
1424431
1424441
1424443
1424471
1424477
1424483
1424497
1424503
1424513
1424519
1424531
1424539
1424557
1424561
1424569
1424573
1424581
1424603
1424659
1424681
1424699
1424701
1424707
1424723
1424737
1424743
1424749
1424767
1424771
1424779
1424789
1424803
1424809
1424831
1424837
1424849
1424851
1424869
1424881
1424903
1424911
1424933
1424939
1424947
1424959
1424963
1424989
1425007
1425029
1425049
1425071
1425077
1425079
1425091
1425097
1425113
1425121
1425139
1425169
1425187
1425199
1425217
1425227
1425251
1425253
1425271
1425293
1425299
1425301
1425311
1425337
1425343
1425367
1425371
1425427
1425439
1425451
1425469
1425481
1425491
1425497
1425503
1425511
1425521
1425527
1425539
1425547
1425583
1425601
1425607
1425629
1425649
1425653
1425661
1425667
1425707
1425733
1425757
1425769
1425791
1425797
1425811
1425821
1425863
1425877
1425881
1425883
1425889
1425899
1425911
1425913
1425917
1425929
1425953
1425967
1425973
1426003
1426043
1426057
1426063
1426067
1426081
1426097
1426109
1426111
1426123
1426127
1426129
1426141
1426151
1426153
1426157
1426163
1426169
1426171
1426199
1426211
1426213
1426223
1426231
1426237
1426247
1426277
1426289
1426291
1426301
1426303
1426331
1426343
1426361
1426367
1426379
1426393
1426427
1426429
1426457
1426471
1426489
1426499
1426511
1426519
1426541
1426543
1426553
1426559
1426567
1426583
1426613
1426619
1426627
1426643
1426669
1426673
1426693
1426699
1426703
1426717
1426723
1426741
1426751
1426753
1426781
1426801
1426807
1426811
1426847
1426877
1426883
1426889
1426891
1426907
1426913
1426927
1426933
1426939
1426949
1426951
1426969
1426981
1426987
1426991
1427017
1427021
1427039
1427047
1427089
1427093
1427117
1427141
1427143
1427191
1427221
1427227
1427233
1427281
1427291
1427297
1427323
1427329
1427341
1427347
1427359
1427383
1427389
1427399
1427401
1427407
1427411
1427431
1427453
1427479
1427483
1427501
1427509
1427513
1427521
1427539
1427551
1427561
1427563
1427567
1427599
1427617
1427627
1427653
1427663
1427681
1427687
1427707
1427737
1427747
1427749
1427753
1427773
1427809
1427821
1427843
1427851
1427879
1427887
1427893
1427897
1427911
1427917
1427927
1427957
1427963
1427969
1427999
1428013
1428029
1428041
1428079
1428109
1428113
1428127
1428137
1428143
1428151
1428157
1428169
1428179
1428197
1428199
1428209
1428233
1428247
1428253
1428257
1428281
1428359
1428389
1428409
1428419
1428431
1428473
1428491
1428521
1428529
1428541
1428571
1428587
1428593
1428601
1428613
1428631
1428649
1428671
1428673
1428677
1428689
1428703
1428709
1428751
1428767
1428769
1428787
1428793
1428811
1428839
1428851
1428853
1428863
1428887
1428893
1428899
1428923
1428929
1428937
1428949
1428953
1428979
1428991
1428997
1429027
1429061
1429063
1429067
1429081
1429093
1429097
1429117
1429133
1429163
1429187
1429201
1429231
1429247
1429249
1429261
1429279
1429283
1429303
1429319
1429349
1429367
1429369
1429387
1429397
1429399
1429403
1429409
1429423
1429451
1429469
1429481
1429507
1429523
1429529
1429531
1429543
1429553
1429567
1429573
1429583
1429591
1429601
1429609
1429619
1429633
1429651
1429661
1429669
1429697
1429721
1429733
1429741
1429759
1429763
1429777
1429783
1429801
1429811
1429817
1429829
1429837
1429843
1429849
1429859
1429861
1429867
1429871
1429889
1429907
1429913
1429927
1429943
1429951
1429969
1430027
1430041
1430063
1430089
1430119
1430131
1430167
1430179
1430183
1430197
1430201
1430237
1430239
1430243
1430279
1430281
1430287
1430291
1430293
1430321
1430357
1430381
1430413
1430419
1430441
1430461
1430479
1430503
1430521
1430543
1430587
1430593
1430603
1430617
1430641
1430647
1430659
1430677
1430683
1430687
1430707
1430711
1430713
1430717
1430729
1430749
1430783
1430789
1430797
1430801
1430813
1430851
1430857
1430861
1430879
1430881
1430887
1430903
1430921
1430939
1430953
1430959
1430969
1430971
1430987
1430993
1431007
1431013
1431029
1431047
1431071
1431097
1431107
1431113
1431119
1431127
1431139
1431149
1431161
1431173
1431191
1431193
1431203
1431211
1431217
1431223
1431253
1431257
1431263
1431277
1431307
1431317
1431323
1431337
1431347
1431361
1431373
1431377
1431379
1431389
1431413
1431421
1431439
1431449
1431461
1431467
1431491
1431503
1431511
1431523
1431539
1431557
1431569
1431571
1431581
1431601
1431607
1431613
1431637
1431649
1431659
1431713
1431721
1431733
1431737
1431751
1431763
1431769
1431779
1431799
1431809
1431827
1431841
1431847
1431851
1431869
1431907
1431917
1431919
1431923
1431929
1431959
1431967
1431977
1432001
1432019
1432021
1432031
1432073
1432091
1432103
1432111
1432129
1432139
1432147
1432177
1432181
1432217
1432243
1432271
1432273
1432297
1432303
1432313
1432351
1432357
1432363
1432411
1432423
1432427
1432439
1432441
1432447
1432451
1432469
1432481
1432489
1432493
1432511
1432517
1432531
1432547
1432549
1432559
1432577
1432583
1432589
1432591
1432621
1432637
1432649
1432667
1432679
1432681
1432699
1432703
1432723
1432729
1432741
1432757
1432799
1432801
1432807
1432813
1432841
1432859
1432891
1432897
1432903
1432927
1432931
1432943
1432957
1432979
1432987
1432997
1433011
1433017
1433021
1433041
1433053
1433057
1433059
1433071
1433101
1433119
1433123
1433129
1433137
1433149
1433177
1433203
1433207
1433213
1433239
1433251
1433273
1433293
1433309
1433329
1433351
1433353
1433357
1433363
1433371
1433413
1433437
1433473
1433477
1433489
1433503
1433513
1433519
1433527
1433539
1433573
1433581
1433587
1433591
1433603
1433623
1433629
1433633
1433669
1433681
1433689
1433699
1433711
1433717
1433723
1433737
1433741
1433743
1433767
1433777
1433801
1433813
1433819
1433821
1433833
1433849
1433891
1433903
1433909
1433941
1433947
1433953
1433989
1434011
1434019
1434023
1434031
1434067
1434077
1434089
1434107
1434109
1434131
1434133
1434143
1434149
1434161
1434187
1434203
1434217
1434229
1434241
1434247
1434259
1434281
1434283
1434289
1434337
1434353
1434359
1434373
1434383
1434397
1434421
1434431
1434439
1434451
1434457
1434469
1434473
1434491
1434493
1434497
1434539
1434541
1434553
1434571
1434593
1434599
1434607
1434617
1434623
1434637
1434661
1434677
1434679
1434691
1434707
1434731
1434737
1434743
1434757
1434779
1434791
1434793
1434803
1434827
1434841
1434847
1434857
1434883
1434887
1434911
1434913
1434929
1434941
1434943
1434991
1434997
1435001
1435009
1435037
1435061
1435069
1435079
1435097
1435103
1435111
1435117
1435121
1435129
1435139
1435141
1435151
1435163
1435171
1435183
1435201
1435219
1435229
1435237
1435243
1435249
1435261
1435271
1435277
1435289
1435307
1435339
1435363
1435373
1435403
1435409
1435417
1435457
1435459
1435477
1435493
1435501
1435519
1435523
1435537
1435543
1435559
1435561
1435571
1435573
1435589
1435597
1435607
1435613
1435627
1435631
1435657
1435663
1435669
1435739
1435741
1435751
1435783
1435787
1435793
1435801
1435829
1435831
1435853
1435901
1435909
1435919
1435921
1435937
1435997
1436003
1436021
1436023
1436027
1436063
1436069
1436087
1436089
1436093
1436101
1436111
1436131
1436147
1436159
1436173
1436203
1436207
1436221
1436231
1436249
1436251
1436257
1436263
1436269
1436291
1436297
1436311
1436333
1436339
1436363
1436387
1436411
1436417
1436429
1436431
1436437
1436441
1436443
1436467
1436471
1436507
1436527
1436531
1436537
1436563
1436593
1436623
1436627
1436639
1436651
1436693
1436711
1436731
1436737
1436749
1436767
1436779
1436797
1436801
1436803
1436849
1436867
1436899
1436909
1436917
1436923
1436933
1436957
1436999
1437011
1437013
1437019
1437031
1437041
1437047
1437049
1437053
1437097
1437101
1437133
1437187
1437193
1437199
1437203
1437223
1437229
1437239
1437251
1437257
1437263
1437283
1437287
1437301
1437313
1437323
1437329
1437341
1437347
1437349
1437379
1437389
1437391
1437409
1437421
1437427
1437451
1437461
1437467
1437481
1437493
1437511
1437517
1437551
1437577
1437581
1437607
1437613
1437629
1437641
1437647
1437659
1437691
1437697
1437713
1437719
1437739
1437743
1437757
1437773
1437797
1437817
1437833
1437841
1437847
1437851
1437853
1437869
1437883
1437899
1437913
1437949
1437959
1437967
1437991
1438001
1438009
1438033
1438057
1438061
1438067
1438069
1438093
1438097
1438103
1438109
1438117
1438123
1438159
1438163
1438169
1438181
1438207
1438211
1438223
1438231
1438237
1438253
1438267
1438271
1438279
1438291
1438303
1438379
1438399
1438417
1438447
1438457
1438477
1438483
1438501
1438517
1438537
1438583
1438609
1438643
1438663
1438667
1438681
1438687
1438709
1438721
1438729
1438747
1438751
1438753
1438763
1438771
1438793
1438817
1438831
1438837
1438847
1438849
1438867
1438883
1438891
1438901
1438907
1438919
1438933
1438937
1438939
1438961
1438963
1438973
1438979
1438991
1438993
1439017
1439023
1439027
1439047
1439071
1439077
1439089
1439107
1439111
1439129
1439147
1439161
1439171
1439177
1439209
1439233
1439239
1439261
1439267
1439279
1439287
1439293
1439309
1439323
1439329
1439359
1439369
1439371
1439377
1439381
1439393
1439401
1439413
1439429
1439437
1439443
1439447
1439513
1439521
1439527
1439549
1439561
1439579
1439651
1439663
1439681
1439693
1439699
1439701
1439717
1439719
1439729
1439743
1439749
1439759
1439773
1439791
1439803
1439827
1439833
1439881
1439891
1439903
1439909
1439927
1439947
1439969
1439989
1440011
1440017
1440037
1440079
1440107
1440119
1440203
1440209
1440211
1440233
1440239
1440247
1440253
1440259
1440269
1440293
1440301
1440317
1440349
1440379
1440391
1440403
1440419
1440437
1440443
1440449
1440469
1440473
1440479
1440493
1440499
1440511
1440533
1440553
1440557
1440577
1440581
1440583
1440587
1440589
1440611
1440619
1440623
1440641
1440679
1440689
1440707
1440727
1440731
1440737
1440763
1440773
1440779
1440799
1440811
1440823
1440847
1440851
1440853
1440877
1440883
1440889
1440913
1440949
1440953
1440961
1440983
1441001
1441007
1441009
1441031
1441049
1441051
1441057
1441061
1441081
1441117
1441127
1441133
1441151
1441189
1441199
1441201
1441217
1441241
1441259
1441289
1441301
1441309
1441313
1441327
1441331
1441339
1441343
1441351
1441361
1441367
1441373
1441381
1441411
1441423
1441439
1441459
1441463
1441471
1441523
1441529
1441543
1441553
1441567
1441579
1441589
1441591
1441603
1441633
1441637
1441669
1441673
1441679
1441681
1441697
1441703
1441721
1441723
1441729
1441751
1441757
1441771
1441807
1441837
1441849
1441871
1441877
1441879
1441883
1441931
1441933
1441949
1441963
1441981
1442003
1442009
1442017
1442053
1442057
1442069
1442071
1442087
1442143
1442159
1442173
1442191
1442209
1442227
1442251
1442267
1442279
1442299
1442317
1442321
1442327
1442333
1442341
1442351
1442377
1442393
1442411
1442429
1442437
1442453
1442459
1442509
1442513
1442527
1442531
1442549
1442579
1442591
1442599
1442611
1442621
1442627
1442633
1442641
1442653
1442657
1442669
1442717
1442723
1442731
1442743
1442783
1442797
1442827
1442849
1442863
1442869
1442873
1442887
1442899
1442911
1442921
1442923
1442939
1442941
1442971
1442983
1442989
1443007
1443053
1443059
1443067
1443073
1443083
1443103
1443119
1443131
1443139
1443151
1443157
1443161
1443193
1443203
1443223
1443257
1443271
1443293
1443307
1443311
1443331
1443341
1443353
1443383
1443389
1443397
1443401
1443427
1443437
1443439
1443461
1443469
1443473
1443509
1443517
1443523
1443529
1443551
1443557
1443571
1443581
1443587
1443613
1443647
1443653
1443679
1443683
1443697
1443709
1443713
1443719
1443727
1443781
1443787
1443797
1443803
1443817
1443839
1443857
1443859
1443899
1443913
1443941
1443961
1443971
1443977
1443989
1444007
1444043
1444063
1444067
1444081
1444087
1444103
1444109
1444111
1444181
1444187
1444213
1444217
1444237
1444249
1444271
1444273
1444279
1444291
1444309
1444411
1444441
1444447
1444459
1444463
1444477
1444481
1444483
1444489
1444493
1444501
1444523
1444529
1444543
1444567
1444571
1444613
1444633
1444649
1444657
1444661
1444679
1444687
1444697
1444747
1444753
1444759
1444763
1444771
1444777
1444787
1444789
1444801
1444811
1444819
1444823
1444873
1444897
1444901
1444903
1444909
1444913
1444943
1444957
1444967
1444973
1444979
1444981
1444999
1445033
1445039
1445047
1445053
1445057
1445071
1445077
1445107
1445117
1445137
1445149
1445161
1445173
1445177
1445179
1445207
1445237
1445239
1445261
1445287
1445303
1445317
1445329
1445333
1445341
1445351
1445371
1445401
1445407
1445413
1445417
1445419
1445429
1445443
1445453
1445467
1445497
1445503
1445513
1445519
1445533
1445557
1445567
1445569
1445581
1445593
1445599
1445657
1445669
1445671
1445687
1445699
1445707
1445713
1445723
1445749
1445753
1445771
1445797
1445827
1445831
1445863
1445879
1445887
1445921
1445929
1445953
1445959
1445963
1445971
1445981
1445989
1446001
1446007
1446019
1446023
1446041
1446043
1446059
1446073
1446077
1446083
1446089
1446091
1446097
1446113
1446131
1446167
1446169
1446187
1446191
1446197
1446227
1446233
1446239
1446251
1446257
1446281
1446301
1446311
1446323
1446353
1446359
1446383
1446397
1446409
1446427
1446437
1446449
1446457
1446469
1446509
1446551
1446559
1446587
1446611
1446617
1446619
1446629
1446637
1446659
1446673
1446689
1446701
1446703
1446713
1446719
1446761
1446779
1446791
1446803
1446829
1446833
1446871
1446881
1446889
1446899
1446901
1446917
1446919
1446923
1446941
1446971
1446997
1447001
1447003
1447007
1447009
1447031
1447037
1447063
1447067
1447073
1447099
1447123
1447139
1447151
1447153
1447169
1447189
1447213
1447217
1447219
1447223
1447231
1447241
1447247
1447273
1447279
1447283
1447291
1447309
1447331
1447333
1447343
1447349
1447351
1447373
1447379
1447387
1447399
1447409
1447427
1447429
1447441
1447471
1447487
1447507
1447529
1447543
1447549
1447559
1447561
1447571
1447583
1447609
1447627
1447631
1447639
1447661
1447711
1447717
1447727
1447759
1447777
1447799
1447807
1447811
1447813
1447843
1447861
1447867
1447877
1447889
1447891
1447913
1447949
1447951
1447961
1447969
1447973
1447981
1447987
1448003
1448021
1448039
1448053
1448059
1448063
1448081
1448087
1448171
1448177
1448189
1448191
1448203
1448207
1448219
1448221
1448303
1448309
1448357
1448371
1448387
1448401
1448411
1448423
1448431
1448443
1448449
1448453
1448477
1448497
1448533
1448569
1448593
1448611
1448659
1448663
1448683
1448687
1448717
1448737
1448743
1448761
1448767
1448771
1448779
1448789
1448801
1448803
1448819
1448827
1448833
1448849
1448857
1448873
1448879
1448903
1448929
1448947
1448983
1448989
1449001
1449013
1449017
1449061
1449067
1449089
1449113
1449121
1449127
1449163
1449167
1449169
1449191
1449193
1449209
1449211
1449241
1449271
1449289
1449293
1449307
1449311
1449319
1449337
1449361
1449367
1449379
1449389
1449431
1449439
1449443
1449479
1449509
1449517
1449521
1449523
1449551
1449557
1449563
1449577
1449583
1449587
1449589
1449599
1449601
1449611
1449619
1449647
1449649
1449661
1449671
1449673
1449683
1449691
1449733
1449779
1449817
1449823
1449827
1449829
1449841
1449863
1449869
1449893
1449907
1449911
1449937
1449941
1449949
1449953
1449967
1449977
1449979
1449983
1450019
1450021
1450051
1450063
1450069
1450073
1450103
1450109
1450139
1450147
1450157
1450177
1450199
1450201
1450231
1450237
1450243
1450249
1450271
1450277
1450283
1450297
1450307
1450331
1450333
1450367
1450391
1450399
1450429
1450439
1450447
1450453
1450469
1450481
1450487
1450489
1450499
1450507
1450513
1450531
1450543
1450571
1450573
1450577
1450613
1450619
1450637
1450639
1450651
1450697
1450699
1450711
1450727
1450739
1450741
1450747
1450753
1450759
1450819
1450847
1450849
1450853
1450861
1450871
1450873
1450877
1450903
1450907
1450913
1450919
1450927
1450931
1450963
1450979
1450991
1451003
1451039
1451041
1451053
1451057
1451059
1451081
1451083
1451119
1451123
1451143
1451147
1451161
1451179
1451209
1451213
1451237
1451243
1451249
1451257
1451267
1451291
1451321
1451339
1451347
1451371
1451383
1451393
1451423
1451509
1451521
1451531
1451539
1451557
1451561
1451573
1451603
1451609
1451623
1451633
1451641
1451663
1451677
1451713
1451717
1451719
1451729
1451741
1451743
1451759
1451767
1451797
1451831
1451833
1451837
1451839
1451867
1451893
1451899
1451909
1451911
1451929
1451959
1451969
1452047
1452079
1452083
1452109
1452127
1452131
1452149
1452169
1452181
1452193
1452203
1452211
1452221
1452223
1452229
1452247
1452263
1452271
1452277
1452281
1452299
1452301
1452317
1452323
1452329
1452377
1452383
1452413
1452419
1452421
1452433
1452439
1452449
1452457
1452461
1452487
1452491
1452511
1452527
1452533
1452541
1452553
1452557
1452559
1452613
1452631
1452637
1452653
1452709
1452713
1452727
1452743
1452751
1452767
1452779
1452791
1452809
1452827
1452833
1452839
1452851
1452853
1452859
1452863
1452907
1452923
1452947
1452961
1452977
1452991
1453003
1453009
1453019
1453033
1453037
1453043
1453057
1453061
1453091
1453093
1453129
1453141
1453169
1453171
1453181
1453201
1453223
1453241
1453267
1453307
1453321
1453337
1453339
1453343
1453369
1453391
1453399
1453411
1453427
1453429
1453453
1453457
1453469
1453477
1453489
1453493
1453499
1453513
1453537
1453547
1453549
1453553
1453597
1453603
1453607
1453609
1453643
1453651
1453657
1453681
1453703
1453723
1453729
1453759
1453783
1453817
1453831
1453847
1453871
1453877
1453883
1453889
1453897
1453909
1453913
1453919
1453927
1453939
1453943
1453957
1453961
1453997
1454003
1454021
1454029
1454041
1454053
1454059
1454071
1454081
1454099
1454119
1454143
1454149
1454177
1454191
1454207
1454209
1454239
1454249
1454261
1454273
1454339
1454347
1454351
1454371
1454377
1454381
1454399
1454417
1454419
1454441
1454443
1454459
1454461
1454477
1454513
1454521
1454533
1454539
1454549
1454567
1454569
1454573
1454587
1454591
1454597
1454599
1454633
1454657
1454683
1454689
1454699
1454701
1454711
1454731
1454743
1454759
1454767
1454779
1454801
1454807
1454821
1454839
1454851
1454863
1454891
1454897
1454899
1454927
1454939
1454941
1454953
1454969
1454977
1454983
1454987
1454989
1454993
1455007
1455011
1455019
1455023
1455029
1455031
1455037
1455043
1455053
1455067
1455079
1455089
1455119
1455121
1455127
1455143
1455151
1455193
1455197
1455199
1455203
1455211
1455227
1455241
1455253
1455257
1455263
1455301
1455317
1455323
1455329
1455341
1455359
1455361
1455367
1455373
1455379
1455383
1455403
1455409
1455431
1455437
1455439
1455491
1455499
1455527
1455563
1455569
1455599
1455607
1455613
1455653
1455661
1455673
1455677
1455683
1455697
1455703
1455721
1455757
1455767
1455781
1455809
1455821
1455827
1455833
1455841
1455847
1455859
1455871
1455893
1455901
1455907
1455911
1455929
1455941
1455947
1455953
1455959
1455973
1455983
1455991
1456001
1456019
1456057
1456087
1456099
1456121
1456123
1456127
1456157
1456159
1456171
1456187
1456219
1456229
1456241
1456243
1456267
1456289
1456313
1456321
1456333
1456381
1456391
1456393
1456417
1456439
1456451
1456501
1456517
1456519
1456529
1456537
1456541
1456547
1456561
1456603
1456627
1456633
1456643
1456657
1456667
1456687
1456691
1456703
1456709
1456717
1456739
1456759
1456789
1456799
1456823
1456837
1456867
1456877
1456891
1456919
1456921
1456927
1456937
1456943
1456963
1457011
1457021
1457033
1457039
1457051
1457059
1457069
1457077
1457083
1457111
1457143
1457147
1457149
1457161
1457177
1457201
1457207
1457213
1457219
1457251
1457273
1457293
1457321
1457333
1457353
1457363
1457371
1457381
1457389
1457411
1457419
1457429
1457437
1457459
1457479
1457483
1457497
1457501
1457503
1457513
1457551
1457633
1457639
1457647
1457653
1457663
1457683
1457741
1457749
1457783
1457791
1457803
1457821
1457849
1457857
1457861
1457867
1457873
1457879
1457887
1457891
1457921
1457933
1457941
1457957
1457959
1457969
1457983
1457999
1458011
1458019
1458031
1458049
1458053
1458071
1458097
1458101
1458113
1458151
1458157
1458167
1458169
1458179
1458203
1458229
1458239
1458253
1458257
1458283
1458293
1458319
1458337
1458343
1458349
1458371
1458397
1458403
1458409
1458427
1458433
1458461
1458463
1458469
1458473
1458487
1458521
1458533
1458547
1458593
1458599
1458601
1458607
1458619
1458623
1458629
1458631
1458641
1458659
1458673
1458697
1458703
1458707
1458713
1458727
1458749
1458757
1458817
1458841
1458857
1458871
1458881
1458883
1458907
1458911
1458971
1458973
1458997
1459027
1459061
1459069
1459091
1459099
1459109
1459111
1459123
1459141
1459153
1459163
1459177
1459207
1459217
1459253
1459259
1459261
1459277
1459301
1459319
1459351
1459369
1459411
1459421
1459427
1459429
1459439
1459453
1459457
1459481
1459517
1459531
1459537
1459543
1459583
1459589
1459597
1459609
1459631
1459651
1459663
1459681
1459691
1459709
1459727
1459771
1459793
1459811
1459823
1459849
1459853
1459873
1459891
1459901
1459907
1459921
1459933
1459937
1459949
1459951
1459957
1459963
1459993
1460003
1460021
1460027
1460029
1460033
1460059
1460071
1460077
1460087
1460089
1460099
1460101
1460111
1460117
1460143
1460153
1460161
1460167
1460171
1460177
1460189
1460213
1460233
1460267
1460269
1460281
1460311
1460341
1460369
1460377
1460383
1460413
1460423
1460429
1460447
1460467
1460479
1460483
1460497
1460507
1460567
1460593
1460603
1460609
1460617
1460629
1460633
1460651
1460653
1460671
1460681
1460687
1460729
1460731
1460737
1460741
1460743
1460747
1460773
1460821
1460857
1460863
1460867
1460887
1460903
1460911
1460923
1460941
1460951
1460957
1460971
1460981
1460989
1460993
1461001
1461073
1461077
1461079
1461091
1461101
1461127
1461139
1461151
1461169
1461179
1461181
1461193
1461209
1461211
1461283
1461287
1461289
1461293
1461301
1461311
1461329
1461349
1461353
1461359
1461367
1461391
1461401
1461403
1461407
1461409
1461413
1461419
1461437
1461451
1461479
1461497
1461511
1461517
1461553
1461563
1461583
1461587
1461599
1461601
1461623
1461631
1461637
1461641
1461659
1461661
1461667
1461671
1461683
1461697
1461701
1461703
1461709
1461731
1461749
1461763
1461769
1461781
1461791
1461797
1461809
1461821
1461851
1461853
1461877
1461883
1461913
1461923
1461931
1461953
1461973
1461979
1461989
1462001
1462009
1462033
1462037
1462039
1462049
1462057
1462061
1462063
1462099
1462127
1462157
1462163
1462169
1462171
1462189
1462193
1462199
1462213
1462229
1462247
1462249
1462313
1462319
1462327
1462337
1462339
1462367
1462381
1462397
1462399
1462403
1462421
1462423
1462427
1462457
1462463
1462477
1462507
1462519
1462523
1462567
1462589
1462603
1462607
1462613
1462619
1462621
1462627
1462631
1462651
1462679
1462691
1462693
1462711
1462717
1462723
1462739
1462751
1462759
1462763
1462801
1462807
1462819
1462861
1462871
1462873
1462883
1462891
1462897
1462927
1462933
1462939
1462957
1462973
1462999
1463009
1463027
1463047
1463089
1463113
1463117
1463123
1463149
1463153
1463177
1463179
1463183
1463197
1463201
1463219
1463221
1463233
1463243
1463257
1463261
1463263
1463303
1463327
1463339
1463353
1463359
1463447
1463453
1463459
1463471
1463491
1463503
1463507
1463509
1463521
1463537
1463557
1463563
1463569
1463587
1463597
1463599
1463611
1463617
1463621
1463641
1463647
1463719
1463767
1463773
1463797
1463821
1463837
1463857
1463863
1463873
1463879
1463897
1463899
1463911
1463933
1463941
1463947
1463953
1463971
1463981
1463983
1463999
1464011
1464031
1464049
1464079
1464101
1464103
1464131
1464137
1464143
1464149
1464163
1464173
1464179
1464241
1464251
1464257
1464259
1464263
1464269
1464271
1464277
1464283
1464289
1464293
1464299
1464343
1464371
1464373
1464383
1464391
1464401
1464403
1464461
1464467
1464481
1464493
1464503
1464559
1464563
1464569
1464583
1464611
1464641
1464649
1464689
1464713
1464721
1464731
1464733
1464751
1464769
1464773
1464787
1464809
1464811
1464817
1464823
1464829
1464863
1464899
1464901
1464917
1464929
1464949
1464959
1464961
1464977
1464997
1465007
1465019
1465021
1465027
1465049
1465067
1465073
1465081
1465097
1465127
1465129
1465133
1465141
1465171
1465181
1465187
1465193
1465229
1465231
1465249
1465253
1465259
1465273
1465279
1465301
1465313
1465351
1465361
1465367
1465391
1465393
1465421
1465423
1465427
1465433
1465439
1465441
1465469
1465481
1465487
1465493
1465523
1465547
1465549
1465559
1465561
1465567
1465571
1465577
1465591
1465637
1465643
1465661
1465663
1465669
1465691
1465693
1465703
1465727
1465729
1465771
1465777
1465801
1465819
1465823
1465837
1465843
1465847
1465853
1465861
1465889
1465901
1465931
1465943
1465957
1465963
1465987
1465991
1465993
1466039
1466053
1466057
1466099
1466107
1466111
1466117
1466123
1466137
1466147
1466167
1466177
1466183
1466191
1466203
1466243
1466251
1466261
1466279
1466291
1466293
1466299
1466303
1466317
1466323
1466329
1466371
1466383
1466389
1466407
1466417
1466449
1466459
1466461
1466473
1466519
1466533
1466551
1466557
1466567
1466599
1466603
1466639
1466653
1466657
1466659
1466677
1466701
1466711
1466713
1466719
1466741
1466747
1466753
1466767
1466771
1466783
1466797
1466821
1466833
1466869
1466873
1466887
1466893
1466897
1466911
1466929
1466953
1466957
1466999
1467001
1467007
1467017
1467043
1467061
1467091
1467097
1467107
1467121
1467131
1467143
1467149
1467157
1467173
1467187
1467209
1467211
1467217
1467223
1467229
1467241
1467281
1467283
1467299
1467307
1467317
1467329
1467337
1467341
1467353
1467359
1467391
1467397
1467413
1467419
1467439
1467443
1467493
1467497
1467511
1467527
1467533
1467539
1467553
1467581
1467589
1467611
1467629
1467673
1467691
1467703
1467749
1467751
1467773
1467779
1467787
1467821
1467839
1467859
1467863
1467887
1467889
1467911
1467913
1467919
1467937
1467953
1467971
1467989
1468079
1468109
1468163
1468189
1468193
1468211
1468213
1468219
1468261
1468267
1468277
1468387
1468391
1468399
1468403
1468427
1468447
1468457
1468459
1468469
1468499
1468507
1468513
1468517
1468543
1468547
1468553
1468559
1468561
1468591
1468603
1468631
1468633
1468637
1468639
1468651
1468657
1468667
1468673
1468717
1468723
1468729
1468739
1468741
1468759
1468781
1468799
1468801
1468807
1468877
1468889
1468897
1468913
1468921
1468927
1468933
1468939
1468949
1468963
1468967
1468969
1469047
1469057
1469081
1469087
1469129
1469131
1469141
1469147
1469161
1469179
1469189
1469197
1469201
1469231
1469239
1469249
1469257
1469287
1469291
1469311
1469323
1469341
1469357
1469359
1469389
1469393
1469407
1469437
1469467
1469471
1469477
1469509
1469519
1469521
1469527
1469543
1469557
1469561
1469569
1469581
1469591
1469597
1469621
1469623
1469627
1469641
1469659
1469687
1469693
1469717
1469729
1469731
1469747
1469753
1469761
1469773
1469777
1469801
1469833
1469843
1469851
1469857
1469879
1469887
1469893
1469921
1469933
1469947
1469957
1469969
1469977
1469983
1469987
1470023
1470043
1470059
1470067
1470071
1470149
1470151
1470173
1470187
1470193
1470199
1470233
1470241
1470251
1470281
1470289
1470307
1470319
1470323
1470373
1470377
1470401
1470407
1470419
1470431
1470437
1470451
1470461
1470487
1470493
1470523
1470529
1470559
1470571
1470577
1470611
1470613
1470641
1470659
1470683
1470709
1470727
1470757
1470797
1470817
1470829
1470839
1470841
1470869
1470871
1470913
1470941
1470947
1470949
1470971
1470977
1470983
1470991
1471007
1471021
1471031
1471033
1471069
1471079
1471091
1471117
1471123
1471133
1471177
1471181
1471213
1471219
1471271
1471277
1471279
1471289
1471297
1471307
1471313
1471321
1471339
1471343
1471361
1471397
1471403
1471409
1471411
1471423
1471427
1471433
1471441
1471447
1471487
1471499
1471501
1471511
1471513
1471529
1471543
1471553
1471567
1471573
1471579
1471583
1471619
1471621
1471633
1471649
1471661
1471667
1471669
1471681
1471693
1471697
1471703
1471709
1471751
1471763
1471807
1471817
1471819
1471829
1471853
1471867
1471879
1471891
1471903
1471907
1471909
1471913
1471919
1471937
1472017
1472021
1472033
1472041
1472077
1472083
1472111
1472117
1472137
1472143
1472153
1472167
1472173
1472197
1472203
1472209
1472239
1472249
1472257
1472279
1472293
1472297
1472333
1472371
1472389
1472399
1472411
1472413
1472423
1472441
1472447
1472453
1472461
1472467
1472491
1472501
1472507
1472539
1472543
1472551
1472561
1472573
1472579
1472587
1472599
1472623
1472657
1472663
1472677
1472687
1472689
1472701
1472719
1472743
1472767
1472777
1472789
1472791
1472813
1472831
1472837
1472857
1472869
1472893
1472909
1472927
1472929
1472951
1472953
1472959
1472963
1472971
1472981
1472987
1472993
1473011
1473019
1473023
1473041
1473047
1473049
1473061
1473077
1473083
1473091
1473097
1473103
1473149
1473187
1473191
1473193
1473221
1473239
1473247
1473257
1473301
1473319
1473331
1473341
1473343
1473379
1473383
1473389
1473391
1473419
1473421
1473443
1473467
1473473
1473487
1473503
1473529
1473533
1473551
1473553
1473557
1473569
1473601
1473607
1473613
1473631
1473649
1473671
1473677
1473737
1473743
1473749
1473763
1473767
1473793
1473803
1473841
1473847
1473853
1473869
1473919
1473937
1473949
1473959
1473961
1473971
1473973
1473977
1474003
1474021
1474027
1474037
1474049
1474069
1474079
1474097
1474103
1474127
1474129
1474141
1474159
1474171
1474177
1474181
1474199
1474211
1474217
1474241
1474243
1474247
1474259
1474261
1474271
1474283
1474307
1474313
1474321
1474349
1474357
1474397
1474411
1474433
1474439
1474441
1474489
1474519
1474523
1474549
1474559
1474579
1474589
1474591
1474633
1474637
1474643
1474663
1474703
1474717
1474721
1474727
1474751
1474757
1474769
1474787
1474793
1474843
1474849
1474859
1474861
1474873
1474877
1474901
1474961
1474981
1474999
1475003
1475017
1475021
1475051
1475087
1475113
1475129
1475137
1475147
1475203
1475213
1475219
1475233
1475237
1475239
1475251
1475261
1475281
1475291
1475297
1475323
1475339
1475351
1475363
1475371
1475387
1475399
1475401
1475431
1475443
1475489
1475503
1475527
1475561
1475563
1475567
1475587
1475609
1475647
1475687
1475701
1475729
1475731
1475737
1475743
1475759
1475777
1475797
1475813
1475827
1475833
1475843
1475861
1475869
1475899
1475911
1475917
1475927
1475953
1476001
1476011
1476023
1476031
1476043
1476047
1476067
1476073
1476089
1476109
1476149
1476151
1476169
1476173
1476179
1476191
1476193
1476199
1476203
1476217
1476227
1476253
1476259
1476283
1476311
1476323
1476329
1476359
1476379
1476401
1476403
1476407
1476413
1476457
1476463
1476469
1476473
1476511
1476523
1476529
1476539
1476551
1476581
1476641
1476647
1476649
1476659
1476677
1476689
1476691
1476701
1476703
1476719
1476743
1476751
1476791
1476793
1476799
1476803
1476817
1476823
1476857
1476859
1476869
1476877
1476887
1476911
1476913
1476919
1476949
1476953
1476961
1476967
1476973
1476983
1476989
1477001
1477027
1477031
1477039
1477043
1477051
1477061
1477067
1477081
1477087
1477097
1477103
1477109
1477111
1477127
1477139
1477159
1477169
1477187
1477207
1477219
1477291
1477309
1477319
1477321
1477331
1477337
1477339
1477361
1477363
1477369
1477381
1477393
1477397
1477403
1477409
1477457
1477477
1477499
1477501
1477507
1477513
1477519
1477547
1477559
1477577
1477583
1477607
1477613
1477621
1477631
1477639
1477643
1477661
1477699
1477703
1477711
1477747
1477757
1477769
1477771
1477787
1477789
1477807
1477823
1477831
1477843
1477871
1477897
1477901
1477907
1477913
1477937
1477951
1477961
1477979
1477999
1478017
1478021
1478027
1478033
1478047
1478051
1478063
1478069
1478083
1478089
1478119
1478123
1478129
1478161
1478179
1478189
1478203
1478207
1478209
1478231
1478237
1478251
1478263
1478273
1478287
1478293
1478353
1478357
1478369
1478381
1478387
1478413
1478423
1478429
1478437
1478443
1478459
1478467
1478471
1478513
1478549
1478563
1478591
1478593
1478611
1478627
1478639
1478663
1478683
1478689
1478699
1478707
1478723
1478759
1478767
1478777
1478809
1478837
1478839
1478843
1478857
1478861
1478863
1478887
1478909
1478921
1478929
1478933
1478947
1478957
1478963
1478987
1478999
1479007
1479011
1479013
1479031
1479047
1479059
1479073
1479083
1479089
1479109
1479113
1479133
1479139
1479151
1479161
1479173
1479193
1479197
1479209
1479211
1479217
1479229
1479251
1479253
1479263
1479271
1479277
1479281
1479287
1479301
1479341
1479343
1479409
1479437
1479449
1479451
1479469
1479479
1479481
1479487
1479497
1479539
1479547
1479553
1479557
1479559
1479571
1479581
1479589
1479617
1479671
1479679
1479713
1479721
1479727
1479733
1479757
1479761
1479763
1479773
1479781
1479791
1479809
1479817
1479823
1479839
1479851
1479857
1479859
1479871
1479883
1479887
1479911
1479913
1479937
1479941
1479991
1479997
1480001
1480013
1480019
1480021
1480067
1480079
1480093
1480099
1480153
1480163
1480181
1480201
1480229
1480243
1480261
1480273
1480277
1480291
1480301
1480313
1480319
1480321
1480331
1480379
1480393
1480397
1480417
1480429
1480433
1480459
1480483
1480517
1480519
1480541
1480543
1480553
1480561
1480571
1480573
1480597
1480601
1480621
1480627
1480631
1480643
1480663
1480669
1480673
1480679
1480691
1480709
1480733
1480741
1480757
1480771
1480781
1480783
1480793
1480811
1480837
1480861
1480883
1480891
1480903
1480907
1480909
1480931
1480933
1480937
1480991
1481003
1481021
1481027
1481033
1481041
1481047
1481071
1481099
1481113
1481143
1481153
1481167
1481173
1481189
1481197
1481219
1481231
1481239
1481257
1481281
1481309
1481321
1481339
1481353
1481357
1481377
1481387
1481413
1481477
1481483
1481489
1481497
1481503
1481527
1481537
1481539
1481551
1481573
1481603
1481611
1481663
1481671
1481693
1481717
1481719
1481731
1481743
1481747
1481749
1481759
1481773
1481783
1481797
1481801
1481819
1481849
1481881
1481891
1481897
1481899
1481911
1481917
1481927
1481947
1481951
1481971
1481989
1481993
1481999
1482007
1482011
1482023
1482029
1482049
1482053
1482059
1482101
1482121
1482127
1482137
1482163
1482181
1482193
1482199
1482211
1482233
1482263
1482289
1482293
1482301
1482307
1482319
1482337
1482343
1482359
1482407
1482413
1482421
1482431
1482443
1482449
1482457
1482461
1482469
1482487
1482491
1482499
1482541
1482577
1482581
1482583
1482599
1482617
1482631
1482647
1482659
1482661
1482671
1482707
1482737
1482739
1482743
1482763
1482773
1482797
1482809
1482821
1482827
1482851
1482853
1482863
1482869
1482883
1482889
1482907
1482919
1482937
1482959
1482967
1483003
1483019
1483021
1483039
1483043
1483049
1483061
1483073
1483087
1483091
1483103
1483123
1483151
1483169
1483171
1483177
1483187
1483193
1483231
1483241
1483249
1483253
1483259
1483277
1483283
1483289
1483309
1483327
1483331
1483333
1483343
1483357
1483393
1483397
1483411
1483423
1483429
1483439
1483451
1483453
1483507
1483519
1483529
1483549
1483561
1483597
1483621
1483627
1483631
1483633
1483637
1483681
1483693
1483697
1483711
1483717
1483721
1483733
1483739
1483759
1483763
1483787
1483793
1483813
1483819
1483861
1483883
1483903
1483907
1483927
1483967
1483969
1483987
1483991
1483997
1484009
1484023
1484039
1484047
1484051
1484057
1484081
1484111
1484137
1484141
1484143
1484177
1484183
1484201
1484207
1484209
1484221
1484227
1484233
1484237
1484243
1484257
1484281
1484291
1484303
1484347
1484359
1484369
1484377
1484387
1484393
1484407
1484419
1484437
1484449
1484453
1484459
1484467
1484473
1484479
1484501
1484507
1484531
1484537
1484563
1484573
1484579
1484591
1484629
1484633
1484657
1484663
1484671
1484677
1484701
1484723
1484737
1484741
1484803
1484827
1484837
1484849
1484911
1484927
1484929
1484947
1484969
1484999
1485013
1485017
1485019
1485023
1485031
1485037
1485047
1485049
1485067
1485101
1485109
1485139
1485191
1485193
1485199
1485221
1485227
1485233
1485251
1485259
1485269
1485277
1485347
1485353
1485373
1485383
1485397
1485413
1485433
1485461
1485469
1485479
1485487
1485503
1485541
1485557
1485559
1485563
1485571
1485581
1485599
1485619
1485683
1485703
1485713
1485719
1485721
1485733
1485739
1485751
1485761
1485763
1485787
1485793
1485821
1485853
1485871
1485877
1485889
1485917
1485937
1485947
1486003
1486019
1486057
1486081
1486087
1486091
1486097
1486103
1486117
1486139
1486141
1486153
1486181
1486183
1486189
1486223
1486241
1486249
1486267
1486271
1486297
1486301
1486321
1486333
1486339
1486343
1486349
1486363
1486367
1486379
1486399
1486403
1486409
1486411
1486451
1486493
1486501
1486517
1486523
1486547
1486561
1486571
1486577
1486591
1486603
1486607
1486609
1486637
1486649
1486687
1486691
1486699
1486711
1486733
1486747
1486757
1486777
1486781
1486787
1486799
1486813
1486829
1486841
1486843
1486847
1486867
1486873
1486907
1486909
1486943
1486951
1486957
1486963
1486987
1486999
1487009
1487027
1487051
1487053
1487071
1487081
1487093
1487099
1487113
1487117
1487131
1487159
1487173
1487179
1487191
1487197
1487201
1487219
1487231
1487251
1487273
1487303
1487351
1487359
1487383
1487389
1487399
1487401
1487417
1487429
1487441
1487459
1487461
1487471
1487489
1487509
1487527
1487539
1487543
1487557
1487569
1487579
1487581
1487593
1487599
1487623
1487641
1487711
1487713
1487743
1487749
1487753
1487777
1487779
1487797
1487809
1487819
1487821
1487867
1487873
1487887
1487917
1487933
1487951
1487953
1487963
1487977
1487987
1487989
1488007
1488017
1488043
1488073
1488119
1488121
1488127
1488131
1488133
1488139
1488143
1488167
1488173
1488181
1488199
1488209
1488211
1488233
1488239
1488241
1488301
1488337
1488343
1488371
1488379
1488413
1488419
1488427
1488433
1488451
1488467
1488481
1488493
1488499
1488533
1488559
1488563
1488577
1488581
1488607
1488623
1488653
1488661
1488667
1488671
1488701
1488727
1488737
1488749
1488761
1488763
1488787
1488791
1488793
1488797
1488803
1488811
1488847
1488857
1488869
1488871
1488901
1488931
1488943
1488953
1488959
1488967
1488989
1489003
1489009
1489021
1489031
1489039
1489051
1489057
1489067
1489069
1489093
1489097
1489099
1489109
1489129
1489153
1489157
1489171
1489177
1489199
1489207
1489223
1489231
1489249
1489253
1489259
1489261
1489283
1489291
1489297
1489303
1489309
1489321
1489351
1489393
1489399
1489403
1489409
1489441
1489451
1489463
1489507
1489511
1489513
1489529
1489531
1489541
1489561
1489577
1489589
1489597
1489613
1489627
1489633
1489637
1489661
1489667
1489669
1489673
1489717
1489721
1489723
1489729
1489751
1489753
1489757
1489769
1489781
1489783
1489799
1489819
1489841
1489867
1489889
1489903
1489909
1489937
1489951
1489973
1489979
1489997
1490011
1490029
1490039
1490051
1490059
1490081
1490089
1490117
1490119
1490129
1490161
1490171
1490179
1490183
1490207
1490213
1490233
1490243
1490257
1490267
1490273
1490287
1490297
1490299
1490317
1490327
1490329
1490347
1490351
1490353
1490369
1490371
1490381
1490429
1490443
1490459
1490477
1490479
1490507
1490527
1490557
1490591
1490603
1490609
1490627
1490633
1490639
1490641
1490647
1490663
1490669
1490677
1490701
1490711
1490717
1490729
1490737
1490743
1490773
1490789
1490807
1490813
1490833
1490843
1490869
1490893
1490899
1490921
1490933
1490941
1490953
1490959
1490963
1490969
1490999
1491001
1491013
1491031
1491041
1491079
1491097
1491103
1491109
1491157
1491179
1491199
1491227
1491233
1491239
1491241
1491247
1491271
1491299
1491377
1491401
1491403
1491407
1491419
1491421
1491437
1491439
1491449
1491491
1491493
1491509
1491517
1491521
1491547
1491571
1491577
1491583
1491587
1491601
1491629
1491641
1491643
1491649
1491653
1491661
1491667
1491683
1491701
1491719
1491727
1491739
1491761
1491769
1491773
1491797
1491821
1491839
1491851
1491859
1491863
1491911
1491913
1491929
1491943
1491947
1491953
1491961
1491967
1491977
1491979
1491989
1491991
1492009
1492019
1492063
1492069
1492087
1492097
1492103
1492111
1492133
1492147
1492159
1492163
1492177
1492181
1492187
1492189
1492201
1492213
1492219
1492223
1492261
1492273
1492289
1492303
1492307
1492313
1492331
1492343
1492357
1492411
1492417
1492453
1492457
1492459
1492499
1492501
1492511
1492529
1492541
1492567
1492571
1492577
1492597
1492607
1492627
1492637
1492643
1492649
1492657
1492661
1492703
1492709
1492739
1492747
1492783
1492789
1492793
1492801
1492807
1492819
1492823
1492859
1492871
1492873
1492879
1492901
1492919
1492943
1492951
1492969
1492993
1493027
1493057
1493071
1493099
1493101
1493159
1493171
1493189
1493197
1493207
1493213
1493221
1493249
1493257
1493273
1493279
1493281
1493291
1493293
1493299
1493311
1493329
1493333
1493339
1493369
1493377
1493383
1493389
1493423
1493441
1493447
1493449
1493461
1493473
1493483
1493489
1493491
1493537
1493539
1493563
1493567
1493573
1493581
1493599
1493617
1493621
1493623
1493633
1493641
1493651
1493659
1493663
1493677
1493683
1493693
1493717
1493719
1493729
1493731
1493741
1493743
1493749
1493759
1493771
1493783
1493813
1493839
1493867
1493879
1493903
1493927
1493929
1493963
1493971
1493981
1494019
1494029
1494037
1494047
1494049
1494061
1494067
1494071
1494089
1494133
1494137
1494151
1494161
1494187
1494191
1494197
1494247
1494253
1494257
1494263
1494289
1494299
1494313
1494343
1494347
1494349
1494359
1494371
1494373
1494377
1494391
1494401
