1600033
1600037
1600051
1600061
1600069
1600097
1600099
1600121
1600141
1600153
1600177
1600187
1600201
1600211
1600217
1600219
1600223
1600241
1600243
1600253
1600259
1600267
1600273
1600279
1600283
1600321
1600337
1600343
1600349
1600367
1600373
1600387
1600393
1600421
1600433
1600451
1600483
1600519
1600531
1600537
1600603
1600607
1600631
1600633
1600637
1600649
1600663
1600691
1600699
1600721
1600727
1600733
1600741
1600787
1600789
1600793
1600811
1600813
1600861
1600877
1600889
1600891
1600897
1600901
1600909
1600913
1600919
1600957
1600967
1600969
1600981
1600993
1601023
1601051
1601059
1601071
1601107
1601113
1601123
1601137
1601147
1601161
1601203
1601207
1601209
1601219
1601227
1601231
1601239
1601261
1601267
1601269
1601273
1601287
1601309
1601317
1601359
1601371
1601381
1601389
1601399
1601423
1601441
1601443
1601447
1601459
1601473
1601477
1601489
1601503
1601507
1601521
1601527
1601533
1601543
1601563
1601569
1601573
1601591
1601599
1601609
1601617
1601623
1601627
1601629
1601647
1601653
1601659
1601671
1601687
1601711
1601729
1601731
1601741
1601749
1601773
1601777
1601779
1601783
1601797
1601813
1601843
1601849
1601857
1601861
1601867
1601869
1601953
1601969
1602011
1602059
1602067
1602071
1602077
1602079
1602091
1602101
1602103
1602113
1602119
1602121
1602143
1602151
1602169
1602187
1602193
1602241
1602269
1602281
1602283
1602311
1602317
1602323
1602347
1602353
1602361
1602379
1602383
1602389
1602397
1602401
1602407
1602427
1602451
1602463
1602473
1602487
1602493
1602509
1602527
1602529
1602551
1602553
1602589
1602599
1602611
1602637
1602661
1602677
1602691
1602697
1602703
1602719
1602721
1602737
1602749
1602751
1602761
1602817
1602823
1602827
1602829
1602833
1602851
1602857
1602863
1602869
1602883
1602899
1602901
1602907
1602919
1602929
1602941
1602943
1602949
1602959
1602961
1603009
1603013
1603027
1603039
1603051
1603057
1603067
1603073
1603079
1603081
1603093
1603111
1603139
1603159
1603183
1603193
1603237
1603241
1603249
1603267
1603279
1603291
1603297
1603319
1603331
1603333
1603337
1603339
1603361
1603363
1603397
1603403
1603411
1603417
1603421
1603453
1603471
1603489
1603493
1603501
1603517
1603519
1603529
1603531
1603541
1603573
1603597
1603601
1603631
1603649
1603663
1603669
1603673
1603681
1603697
1603699
1603709
1603711
1603747
1603769
1603793
1603799
1603801
1603807
1603817
1603837
1603843
1603853
1603867
1603871
1603891
1603897
1603907
1603919
1603949
1603957
1603963
1604003
1604017
1604021
1604051
1604059
1604081
1604087
1604093
1604101
1604111
1604123
1604129
1604131
1604143
1604147
1604149
1604167
1604177
1604179
1604191
1604231
1604237
1604243
1604263
1604279
1604293
1604297
1604299
1604311
1604329
1604333
1604347
1604359
1604381
1604399
1604413
1604419
1604437
1604441
1604461
1604479
1604497
1604501
1604509
1604513
1604521
1604539
1604543
1604557
1604567
1604573
1604593
1604597
1604609
1604611
1604621
1604651
1604711
1604719
1604731
1604737
1604747
1604753
1604809
1604821
1604833
1604857
1604923
1604929
1604951
1604957
1604983
1605001
1605013
1605017
1605029
1605031
1605041
1605047
1605053
1605083
1605103
1605127
1605151
1605169
1605173
1605187
1605199
1605209
1605217
1605257
1605269
1605277
1605287
1605299
1605313
1605323
1605341
1605349
1605389
1605413
1605419
1605421
1605427
1605431
1605433
1605509
1605511
1605533
1605547
1605551
1605553
1605559
1605563
1605587
1605619
1605629
1605631
1605677
1605691
1605697
1605719
1605739
1605743
1605757
1605761
1605767
1605811
1605829
1605839
1605853
1605859
1605869
1605881
1605887
1605889
1605907
1605913
1605931
1605941
1605971
1605979
1606009
1606081
1606097
1606117
1606123
1606139
1606151
1606153
1606201
1606237
1606247
1606249
1606259
1606261
1606273
1606277
1606289
1606291
1606309
1606321
1606331
1606349
1606379
1606387
1606399
1606403
1606427
1606433
1606439
1606457
1606463
1606487
1606499
1606529
1606537
1606541
1606543
1606547
1606559
1606597
1606603
1606639
1606643
1606663
1606669
1606681
1606723
1606733
1606739
1606741
1606751
1606753
1606763
1606771
1606777
1606783
1606793
1606817
1606837
1606841
1606853
1606859
1606879
1606889
1606897
1606901
1606909
1606921
1606951
1606967
1606981
1606991
1607003
1607029
1607051
1607057
1607063
1607069
1607083
1607087
1607107
1607113
1607131
1607141
1607143
1607149
1607173
1607183
1607201
1607233
1607237
1607261
1607273
1607293
1607321
1607327
1607357
1607371
1607377
1607399
1607407
1607449
1607471
1607477
1607479
1607491
1607509
1607513
1607519
1607527
1607563
1607579
1607591
1607597
1607603
1607611
1607621
1607659
1607663
1607681
1607699
1607701
1607713
1607747
1607773
1607791
1607807
1607821
1607831
1607833
1607839
1607849
1607857
1607863
1607867
1607873
1607923
1607929
1607941
1607981
1607987
1608007
1608017
1608023
1608037
1608041
1608083
1608107
1608109
1608127
1608133
1608197
1608209
1608227
1608239
1608241
1608259
1608283
1608323
1608337
1608349
1608359
1608371
1608379
1608401
1608433
1608437
1608443
1608449
1608461
1608463
1608473
1608479
1608487
1608493
1608511
1608527
1608569
1608571
1608577
1608583
1608599
1608611
1608617
1608637
1608653
1608661
1608667
1608671
1608697
1608703
1608707
1608713
1608743
1608751
1608769
1608773
1608821
1608823
1608839
1608883
1608911
1608913
1608941
1608979
1609009
1609021
1609037
1609043
1609061
1609063
1609079
1609087
1609099
1609109
1609141
1609147
1609163
1609177
1609193
1609199
1609211
1609219
1609247
1609249
1609261
1609301
1609367
1609381
1609403
1609417
1609423
1609457
1609477
1609493
1609501
1609507
1609511
1609519
1609523
1609549
1609561
1609567
1609571
1609583
1609589
1609627
1609631
1609667
1609669
1609691
1609693
1609717
1609739
1609757
1609763
1609771
1609789
1609801
1609807
1609843
1609871
1609873
1609879
1609897
1609901
1609903
1609913
1609969
1609991
1609997
1609999
1610009
1610017
1610027
1610057
1610083
1610093
1610101
1610107
1610123
1610131
1610149
1610153
1610177
1610179
1610183
1610227
1610237
1610239
1610251
1610293
1610309
1610311
1610333
1610347
1610353
1610369
1610377
1610387
1610417
1610423
1610429
1610431
1610443
1610467
1610471
1610473
1610501
1610513
1610519
1610527
1610533
1610537
1610551
1610561
1610569
1610579
1610591
1610627
1610639
1610657
1610659
1610681
1610701
1610753
1610761
1610771
1610773
1610779
1610783
1610789
1610797
1610809
1610813
1610837
1610867
1610887
1610893
1610899
1610923
1610927
1610933
1610941
1610957
1610963
1610969
1610981
1610993
1611031
1611053
1611059
1611079
1611089
1611097
1611131
1611139
1611151
1611157
1611161
1611187
1611199
1611217
1611223
1611227
1611241
1611251
1611289
1611293
1611299
1611307
1611319
1611331
1611343
1611353
1611361
1611367
1611391
1611397
1611419
1611433
1611439
1611451
1611469
1611479
1611499
1611517
1611529
1611539
1611553
1611563
1611593
1611601
1611607
1611613
1611667
1611689
1611691
1611697
1611707
1611737
1611749
1611761
1611763
1611773
1611781
1611809
1611851
1611853
1611877
1611881
1611899
1611901
1611917
1611947
1611949
1611971
1612007
1612019
1612033
1612063
1612069
1612073
1612111
1612123
1612133
1612141
1612157
1612181
1612183
1612189
1612211
1612213
1612223
1612249
1612267
1612271
1612307
1612309
1612319
1612327
1612333
1612361
1612363
1612393
1612427
1612439
1612451
1612463
1612477
1612493
1612517
1612537
1612561
1612601
1612609
1612619
1612621
1612649
1612669
1612679
1612693
1612697
1612703
1612727
1612733
1612747
1612759
1612763
1612771
1612781
1612823
1612859
1612903
1612913
1612927
1612931
1612937
1612957
1612991
1612997
1612999
1613033
1613041
1613057
1613069
1613093
1613099
1613123
1613141
1613149
1613153
1613173
1613179
1613201
1613279
1613321
1613323
1613329
1613363
1613371
1613393
1613399
1613407
1613411
1613413
1613441
1613471
1613483
1613497
1613503
1613509
1613539
1613543
1613587
1613593
1613597
1613609
1613621
1613639
1613641
1613653
1613669
1613671
1613683
1613707
1613713
1613741
1613761
1613771
1613809
1613813
1613831
1613867
1613873
1613921
1613947
1613951
1613959
1613981
1613987
1614001
1614007
1614017
1614023
1614037
1614073
1614083
1614149
1614157
1614187
1614191
1614229
1614233
1614241
1614247
1614251
1614257
1614281
1614289
1614307
1614311
1614317
1614329
1614331
1614359
1614367
1614377
1614383
1614391
1614397
1614409
1614413
1614443
1614461
1614463
1614467
1614479
1614491
1614493
1614533
1614553
1614559
1614583
1614589
1614593
1614619
1614629
1614631
1614637
1614647
1614649
1614659
1614661
1614671
1614707
1614719
1614721
1614733
1614757
1614787
1614793
1614803
1614817
1614859
1614863
1614871
1614911
1614913
1614917
1614929
1614947
1614961
1614973
1614989
1615001
1615021
1615027
1615043
1615049
1615067
1615073
1615079
1615121
1615139
1615151
1615157
1615177
1615181
1615183
1615199
1615223
1615231
1615253
1615279
1615307
1615331
1615333
1615337
1615351
1615363
1615403
1615421
1615433
1615447
1615477
1615483
1615487
1615499
1615501
1615511
1615529
1615541
1615591
1615613
1615631
1615633
1615637
1615643
1615651
1615657
1615661
1615673
1615693
1615699
1615717
1615723
1615739
1615763
1615777
1615781
1615837
1615841
1615843
1615847
1615849
1615853
1615871
1615891
1615919
1615921
1615949
1615963
1615981
1615987
1616009
1616029
1616033
1616039
1616047
1616057
1616063
1616077
1616099
1616113
1616119
1616161
1616171
1616183
1616201
1616221
1616227
1616231
1616269
1616281
1616291
1616297
1616347
1616359
1616401
1616429
1616437
1616443
1616453
1616473
1616491
1616497
1616519
1616533
1616543
1616551
1616569
1616597
1616603
1616609
1616611
1616617
1616621
1616623
1616627
1616633
1616639
1616651
1616669
1616677
1616687
1616689
1616711
1616723
1616749
1616801
1616803
1616807
1616809
1616821
1616827
1616833
1616851
1616861
1616891
1616897
1616899
1616939
1616947
1616963
1616983
1617019
1617029
1617037
1617043
1617047
1617079
1617103
1617137
1617139
1617149
1617211
1617247
1617251
1617269
1617277
1617283
1617289
1617311
1617347
1617349
1617373
1617391
1617433
1617437
1617439
1617443
1617463
1617493
1617503
1617509
1617523
1617541
1617547
1617557
1617563
1617569
1617589
1617619
1617647
1617661
1617689
1617691
1617697
1617727
1617739
1617743
1617757
1617767
1617769
1617773
1617779
1617809
1617817
1617827
1617871
1617883
1617893
1617923
1617929
1617943
1617949
1617971
1617977
1617989
1618003
1618007
1618033
1618039
1618049
1618051
1618079
1618081
1618087
1618091
1618093
1618129
1618139
1618153
1618181
1618187
1618189
1618207
1618217
1618223
1618241
1618261
1618271
1618277
1618291
1618307
1618319
1618327
1618333
1618367
1618369
1618373
1618387
1618399
1618411
1618433
1618453
1618457
1618459
1618471
1618481
1618489
1618501
1618517
1618531
1618537
1618549
1618559
1618601
1618613
1618619
1618627
1618637
1618663
1618679
1618681
1618703
1618739
1618741
1618769
1618777
1618807
1618817
1618823
1618829
1618831
1618849
1618853
1618891
1618909
1618931
1618937
1618943
1618957
1618963
1618973
1618979
1619021
1619053
1619069
1619071
1619087
1619113
1619119
1619153
1619159
1619171
1619179
1619207
1619209
1619227
1619239
1619243
1619249
1619257
1619281
1619287
1619311
1619327
1619329
1619339
1619341
1619353
1619381
1619383
1619417
1619419
1619473
1619507
1619531
1619549
1619551
1619557
1619561
1619593
1619599
1619603
1619633
1619647
1619663
1619669
1619671
1619677
1619687
1619689
1619699
1619713
1619741
1619747
1619753
1619759
1619773
1619791
1619831
1619837
1619857
1619861
1619887
1619899
1619903
1619909
1619929
1619941
1619957
1619983
1619987
1620001
1620013
1620019
1620041
1620071
1620103
1620107
1620121
1620133
1620161
1620209
1620217
1620233
1620239
1620247
1620251
1620257
1620271
1620319
1620329
1620331
1620337
1620347
1620371
1620379
1620391
1620403
1620413
1620431
1620439
1620449
1620461
1620467
1620469
1620497
1620517
1620523
1620539
1620547
1620551
1620569
1620571
1620589
1620611
1620613
1620617
1620629
1620631
1620667
1620677
1620679
1620733
1620739
1620743
1620769
1620803
1620811
1620823
1620841
1620881
1620887
1620893
1620917
1620923
1620929
1620961
1620973
1620977
1620989
1621019
1621031
1621033
1621043
1621049
1621079
1621093
1621097
1621127
1621133
1621141
1621153
1621163
1621177
1621219
1621231
1621237
1621241
1621259
1621283
1621309
1621349
1621351
1621357
1621363
1621369
1621381
1621391
1621397
1621421
1621423
1621439
1621457
1621469
1621471
1621481
1621489
1621519
1621537
1621541
1621559
1621583
1621597
1621619
1621621
1621637
1621639
1621643
1621657
1621667
1621679
1621699
1621717
1621721
1621723
1621727
1621729
1621751
1621769
1621771
1621793
1621819
1621843
1621849
1621861
1621871
1621877
1621909
1621931
1621933
1621979
1621993
1622009
1622039
1622041
1622053
1622059
1622063
1622077
1622081
1622141
1622143
1622149
1622189
1622207
1622209
1622233
1622263
1622273
1622287
1622297
1622311
1622333
1622359
1622377
1622407
1622419
1622431
1622437
1622449
1622471
1622473
1622479
1622483
1622549
1622557
1622573
1622587
1622591
1622597
1622609
1622617
1622639
1622641
1622659
1622669
1622671
1622681
1622693
1622707
1622711
1622729
1622743
1622749
1622773
1622779
1622791
1622813
1622827
1622833
1622839
1622849
1622861
1622867
1622879
1622917
1622947
1622953
1622977
1622981
1622987
1623023
1623029
1623047
1623053
1623059
1623071
1623077
1623091
1623107
1623137
1623157
1623161
1623163
1623169
1623173
1623197
1623203
1623229
1623233
1623263
1623269
1623283
1623287
1623289
1623299
1623319
1623361
1623367
1623403
1623421
1623431
1623437
1623451
1623463
1623467
1623473
1623487
1623533
1623539
1623553
1623599
1623631
1623647
1623667
1623679
1623701
1623707
1623733
1623763
1623767
1623781
1623793
1623799
1623827
1623829
1623833
1623847
1623859
1623863
1623883
1623901
1623907
1623917
1623929
1623931
1623943
1623977
1623989
1624009
1624019
1624037
1624057
1624069
1624081
1624111
1624141
1624151
1624159
1624169
1624171
1624193
1624199
1624201
1624213
1624223
1624241
1624277
1624279
1624309
1624321
1624327
1624331
1624349
1624351
1624361
1624373
1624387
1624417
1624423
1624429
1624453
1624471
1624487
1624501
1624507
1624523
1624529
1624573
1624589
1624591
1624603
1624607
1624627
1624661
1624663
1624681
1624687
1624691
1624699
1624717
1624729
1624757
1624807
1624811
1624813
1624829
1624849
1624913
1624933
1624943
1624963
1624967
1624969
1624991
1624993
1625017
1625021
1625027
1625059
1625123
1625147
1625153
1625167
1625171
1625177
1625179
1625201
1625207
1625209
1625227
1625257
1625263
1625287
1625297
1625303
1625311
1625321
1625329
1625339
1625347
1625359
1625383
1625417
1625419
1625453
1625461
1625471
1625483
1625497
1625501
1625513
1625539
1625543
1625551
1625573
1625581
1625587
1625629
1625647
1625677
1625699
1625707
1625717
1625719
1625747
1625749
1625759
1625791
1625803
1625807
1625809
1625821
1625831
1625837
1625839
1625843
1625851
1625861
1625867
1625879
1625903
1625909
1625927
1625933
1625951
1625969
1625977
1625989
1625993
1626013
1626017
1626047
1626071
1626073
1626083
1626089
1626091
1626109
1626127
1626133
1626137
1626143
1626173
1626181
1626193
1626197
1626211
1626227
1626239
1626259
1626263
1626269
1626277
1626281
1626283
1626301
1626311
1626319
1626329
1626337
1626371
1626377
1626379
1626431
1626433
1626437
1626451
1626461
1626467
1626479
1626481
1626487
1626497
1626503
1626589
1626613
1626617
1626619
1626637
1626649
1626673
1626701
1626707
1626739
1626749
1626763
1626769
1626773
1626791
1626803
1626817
1626829
1626881
1626887
1626893
1626901
1626923
1626943
1626949
1626953
1626959
1626971
1626979
1626983
1627007
1627013
1627033
1627051
1627057
1627061
1627063
1627069
1627079
1627099
1627111
1627117
1627123
1627127
1627133
1627147
1627169
1627177
1627193
1627201
1627237
1627247
1627253
1627267
1627309
1627333
1627337
1627357
1627361
1627403
1627429
1627441
1627459
1627481
1627487
1627489
1627501
1627513
1627523
1627537
1627553
1627573
1627579
1627583
1627601
1627603
1627607
1627609
1627627
1627643
1627649
1627651
1627669
1627693
1627723
1627727
1627729
1627739
1627763
1627771
1627781
1627783
1627793
1627807
1627819
1627831
1627837
1627849
1627853
1627859
1627861
1627867
1627877
1627883
1627919
1627943
1627979
1627981
1628051
1628057
1628059
1628063
1628071
1628093
1628117
1628131
1628149
1628153
1628161
1628171
1628173
1628177
1628183
1628191
1628197
1628203
1628227
1628261
1628279
1628293
1628299
1628309
1628317
1628323
1628329
1628353
1628359
1628369
1628381
1628383
1628387
1628401
1628441
1628467
1628477
1628489
1628491
1628507
1628551
1628567
1628579
1628587
1628591
1628593
1628603
1628621
1628633
1628689
1628701
1628729
1628747
1628773
1628779
1628801
1628839
1628857
1628867
1628873
1628881
1628897
1628909
1628917
1628933
1628947
1628983
1628987
1628989
1629007
1629011
1629013
1629031
1629071
1629077
1629083
1629091
1629101
1629107
1629109
1629119
1629137
1629149
1629163
1629169
1629197
1629203
1629209
1629211
1629233
1629253
1629259
1629281
1629293
1629317
1629319
1629337
1629359
1629361
1629367
1629377
1629409
1629427
1629431
1629449
1629451
1629457
1629469
1629479
1629541
1629547
1629557
1629559
1629581
1629583
1629587
1629599
1629601
1629623
1629643
1629647
1629653
1629673
1629689
1629721
1629731
1629767
1629809
1629851
1629853
1629869
1629893
1629899
1629919
1629923
1629937
1629983
1629997
1630019
1630021
1630049
1630051
1630091
1630093
1630117
1630127
1630129
1630133
1630141
1630159
1630169
1630193
1630199
1630243
1630247
1630253
1630261
1630273
1630303
1630357
1630361
1630367
1630379
1630381
1630393
1630399
1630403
1630411
1630423
1630427
1630429
1630441
1630451
1630457
1630459
1630463
1630471
1630483
1630501
1630543
1630547
1630549
1630597
1630619
1630621
1630633
1630663
1630669
1630721
1630763
1630771
1630777
1630781
1630801
1630813
1630829
1630841
1630843
1630859
1630891
1630897
1630913
1630919
1630927
1630933
1630943
1630987
1631023
1631027
1631029
1631051
1631053
1631057
1631059
1631101
1631117
1631143
1631153
1631159
1631171
1631177
1631191
1631209
1631243
1631257
1631261
1631263
1631297
1631299
1631309
1631341
1631351
1631363
1631369
1631407
1631447
1631471
1631489
1631491
1631503
1631519
1631521
1631537
1631543
1631557
1631573
1631579
1631611
1631629
1631633
1631639
1631647
1631657
1631659
1631683
1631723
1631731
1631741
1631761
1631771
1631783
1631797
1631821
1631837
1631843
1631869
1631879
1631897
1631899
1631911
1631921
1631939
1631951
1631957
1631969
1631989
1632013
1632019
1632031
1632041
1632047
1632079
1632101
1632109
1632121
1632133
1632139
1632143
1632167
1632173
1632179
1632193
1632199
1632209
1632227
1632259
1632307
1632311
1632313
1632317
1632341
1632359
1632383
1632427
1632431
1632437
1632457
1632467
1632469
1632473
1632479
1632481
1632487
1632509
1632523
1632557
1632569
1632571
1632599
1632611
1632619
1632623
1632637
1632647
1632649
1632679
1632691
1632703
1632749
1632751
1632767
1632769
1632779
1632781
1632797
1632809
1632817
1632821
1632853
1632871
1632881
1632887
1632893
1632899
1632913
1632919
1632941
1632949
1632979
1632997
1633007
1633033
1633039
1633043
1633057
1633067
1633081
1633103
1633117
1633123
1633127
1633129
1633133
1633157
1633169
1633171
1633187
1633201
1633211
1633223
1633231
1633237
1633243
1633249
1633267
1633277
1633319
1633321
1633337
1633339
1633361
1633363
1633369
1633403
1633409
1633447
1633459
1633531
1633549
1633553
1633559
1633561
1633573
1633589
1633603
1633609
1633627
1633633
1633679
1633691
1633693
1633703
1633711
1633729
1633741
1633747
1633757
1633777
1633787
1633789
1633811
1633817
1633823
1633837
1633843
1633847
1633873
1633903
1633913
1633939
1633949
1633967
1633987
1633991
1633993
1634011
1634027
1634047
1634051
1634053
1634069
1634071
1634089
1634099
1634107
1634117
1634141
1634153
1634167
1634177
1634183
1634201
1634203
1634231
1634233
1634239
1634257
1634267
1634279
1634291
1634293
1634309
1634317
1634333
1634341
1634371
1634393
1634407
1634417
1634441
1634443
1634447
1634453
1634461
1634471
1634489
1634497
1634531
1634557
1634569
1634579
1634593
1634597
1634603
1634609
1634657
1634681
1634683
1634687
1634693
1634719
1634753
1634761
1634767
1634791
1634797
1634803
1634819
1634833
1634837
1634849
1634869
1634879
1634881
1634911
1634923
1634929
1634939
1634947
1634951
1634953
1634959
1634987
1635013
1635031
1635037
1635041
1635061
1635079
1635091
1635119
1635133
1635143
1635163
1635169
1635173
1635181
1635187
1635199
1635217
1635229
1635241
1635287
1635299
1635307
1635313
1635317
1635329
1635341
1635353
1635371
1635373
1635377
1635401
1635479
1635497
1635499
1635503
1635509
1635541
1635547
1635551
1635559
1635563
1635583
1635607
1635611
1635619
1635631
1635637
1635649
1635661
1635703
1635713
1635721
1635727
1635761
1635773
1635811
1635817
1635827
1635863
1635889
1635899
1635913
1635937
1635943
1635947
1635971
1635973
1635983
1636001
1636007
1636009
1636039
1636043
1636049
1636067
1636069
1636079
1636091
1636111
1636121
1636139
1636157
1636181
1636189
1636213
1636231
1636237
1636249
1636277
1636291
1636303
1636331
1636333
1636339
1636343
1636363
1636367
1636373
1636379
1636391
1636423
1636457
1636463
1636469
1636501
1636513
1636529
1636541
1636543
1636549
1636553
1636561
1636571
1636577
1636619
1636627
1636637
1636651
1636667
1636669
1636697
1636699
1636711
1636721
1636729
1636741
1636751
1636757
1636759
1636781
1636787
1636819
1636823
1636849
1636867
1636871
1636883
1636891
1636909
1636919
1636927
1636931
1636937
1636951
1636961
1636969
1636997
1637029
1637087
1637093
1637147
1637161
1637177
1637183
1637197
1637221
1637239
1637243
1637261
1637299
1637357
1637371
1637381
1637407
1637429
1637437
1637459
1637479
1637497
1637501
1637521
1637539
1637549
1637551
1637563
1637599
1637611
1637617
1637633
1637639
1637641
1637677
1637683
1637687
1637693
1637707
1637711
1637719
1637723
1637737
1637759
1637773
1637777
1637813
1637851
1637863
1637887
1637927
1637963
1637983
1638011
1638019
1638023
1638031
1638053
1638059
1638061
1638067
1638089
1638097
1638107
1638121
1638127
1638139
1638149
1638167
1638191
1638209
1638211
1638251
1638269
1638311
1638331
1638347
1638349
1638353
1638431
1638463
1638473
1638487
1638547
1638551
1638563
1638569
1638583
1638599
1638641
1638649
1638653
1638673
1638677
1638683
1638701
1638719
1638733
1638743
1638797
1638799
1638809
1638821
1638869
1638899
1638907
1638913
1638929
1638943
1638947
1638977
1638983
1638991
1639019
1639061
1639067
1639081
1639087
1639091
1639097
1639147
1639151
1639153
1639159
1639193
1639199
1639201
1639217
1639223
1639229
1639241
1639243
1639271
1639307
1639349
1639357
1639367
1639381
1639387
1639409
1639427
1639459
1639471
1639481
1639493
1639511
1639513
1639577
1639579
1639597
1639607
1639609
1639613
1639663
1639699
1639711
1639717
1639723
1639733
1639751
1639763
1639789
1639793
1639811
1639817
1639823
1639829
1639849
1639853
1639861
1639879
1639889
1639901
1639907
1639919
1639927
1639949
1639987
1639991
1639999
1640017
1640021
1640033
1640053
1640057
1640059
1640071
1640077
1640083
1640131
1640147
1640167
1640183
1640189
1640201
1640207
1640231
1640263
1640267
1640273
1640281
1640299
1640311
1640323
1640333
1640393
1640399
1640423
1640447
1640461
1640467
1640497
1640503
1640519
1640531
1640539
1640549
1640557
1640599
1640609
1640621
1640623
1640633
1640641
1640657
1640663
1640677
1640689
1640701
1640729
1640741
1640753
1640761
1640773
1640803
1640809
1640819
1640833
1640851
1640869
1640879
1640887
1640927
1640929
1640939
1640941
1640953
1640971
1641007
1641043
1641053
1641077
1641089
1641091
1641103
1641131
1641137
1641161
1641217
1641229
1641253
1641281
1641301
1641323
1641329
1641359
1641361
1641373
1641377
1641379
1641389
1641403
1641407
1641457
1641473
1641509
1641539
1641559
1641583
1641587
1641589
1641593
1641613
1641617
1641623
1641631
1641637
1641641
1641659
1641709
1641713
1641721
1641737
1641751
1641797
1641799
1641811
1641817
1641821
1641833
1641841
1641863
1641881
1641889
1641907
1641917
1641929
1641931
1641953
1641971
1642021
1642031
1642033
1642049
1642051
1642057
1642079
1642093
1642117
1642141
1642153
1642187
1642211
1642231
1642243
1642247
1642259
1642273
1642279
1642283
1642297
1642309
1642313
1642327
1642339
1642363
1642373
1642397
1642423
1642441
1642447
1642451
1642463
1642481
1642483
1642513
1642517
1642519
1642549
1642559
1642567
1642579
1642601
1642631
1642633
1642649
1642657
1642661
1642679
1642699
1642709
1642717
1642723
1642741
1642769
1642777
1642787
1642801
1642807
1642811
1642813
1642831
1642843
1642847
1642853
1642859
1642903
1642909
1642919
1642939
1642943
1642951
1642997
1643003
1643021
1643027
1643039
1643069
1643077
1643099
1643123
1643129
1643137
1643141
1643171
1643179
1643197
1643219
1643221
1643231
1643233
1643251
1643269
1643273
1643293
1643311
1643347
1643351
1643357
1643363
1643387
1643423
1643431
1643461
1643491
1643497
1643501
1643513
1643539
1643581
1643591
1643597
1643599
1643617
1643623
1643639
1643641
1643659
1643669
1643683
1643687
1643693
1643701
1643717
1643729
1643743
1643773
1643779
1643791
1643797
1643801
1643809
1643819
1643821
1643827
1643839
1643843
1643857
1643867
1643869
1643881
1643891
1643893
1643959
1643963
1643969
1643987
1643989
1644001
1644031
1644061
1644067
1644073
1644079
1644103
1644143
1644163
1644173
1644193
1644197
1644199
1644217
1644221
1644229
1644233
1644283
1644287
1644299
1644311
1644341
1644347
1644361
1644367
1644371
1644373
1644413
1644421
1644437
1644439
1644451
1644491
1644493
1644497
1644547
1644571
1644593
1644607
1644611
1644623
1644637
1644641
1644653
1644667
1644673
1644689
1644691
1644703
1644719
1644751
1644757
1644781
1644791
1644817
1644823
1644871
1644883
1644893
1644899
1644901
1644931
1644943
1644947
1644949
1644989
1644991
1644997
1645003
1645009
1645019
1645087
1645093
1645099
1645123
1645129
1645151
1645157
1645169
1645183
1645187
1645211
1645249
1645253
1645291
1645327
1645337
1645349
1645363
1645367
1645409
1645417
1645421
1645429
1645433
1645439
1645459
1645463
1645477
1645487
1645499
1645529
1645537
1645543
1645559
1645561
1645601
1645603
1645607
1645613
1645643
1645661
1645667
1645669
1645681
1645691
1645727
1645729
1645733
1645747
1645757
1645769
1645771
1645801
1645829
1645843
1645849
1645867
1645873
1645879
1645901
1645907
1645909
1645927
1645933
1645937
1645939
1645961
1645967
1645979
1645999
1646017
1646023
1646033
1646101
1646107
1646111
1646143
1646147
1646149
1646153
1646171
1646173
1646189
1646209
1646219
1646221
1646237
1646261
1646287
1646291
1646299
1646303
1646311
1646321
1646347
1646357
1646371
1646377
1646383
1646387
1646413
1646423
1646443
1646461
1646473
1646479
1646497
1646509
1646527
1646543
1646563
1646581
1646609
1646629
1646633
1646641
1646647
1646669
1646677
1646681
1646717
1646719
1646737
1646741
1646747
1646783
1646797
1646819
1646839
1646849
1646861
1646893
1646899
1646903
1646921
1646923
1646933
1646947
1646951
1646959
1646971
1646989
1647001
1647013
1647031
1647047
1647059
1647067
1647083
1647097
1647101
1647119
1647127
1647137
1647161
1647179
1647193
1647227
1647241
1647251
1647253
1647299
1647307
1647311
1647323
1647353
1647361
1647377
1647379
1647383
1647389
1647407
1647439
1647469
1647473
1647497
1647523
1647551
1647553
1647563
1647599
1647601
1647617
1647649
1647673
1647677
1647689
1647707
1647719
1647727
1647761
1647769
1647781
1647797
1647847
1647853
1647857
1647859
1647871
1647887
1647911
1647917
1647931
1647937
1647941
1647949
1647953
1647959
1647977
1648001
1648021
1648039
1648057
1648063
1648067
1648069
1648081
1648181
1648187
1648217
1648223
1648237
1648253
1648259
1648261
1648277
1648289
1648291
1648349
1648379
1648391
1648417
1648429
1648441
1648453
1648481
1648483
1648499
1648513
1648523
1648529
1648531
1648553
1648567
1648579
1648583
1648589
1648601
1648613
1648697
1648723
1648739
1648753
1648771
1648781
1648789
1648793
1648811
1648817
1648837
1648879
1648909
1648919
1648943
1648951
1648963
1648987
1649003
1649023
1649059
1649099
1649101
1649111
1649129
1649147
1649149
1649161
1649171
1649173
1649213
1649237
1649243
1649251
1649267
1649287
1649299
1649303
1649309
1649311
1649327
1649341
1649359
1649363
1649369
1649377
1649381
1649393
1649411
1649419
1649429
1649443
1649449
1649489
1649507
1649521
1649533
1649539
1649567
1649587
1649591
1649597
1649611
1649621
1649639
1649647
1649651
1649657
1649671
1649677
1649689
1649693
1649707
1649737
1649743
1649759
1649771
1649773
1649783
1649797
1649801
1649803
1649807
1649819
1649831
1649861
1649863
1649887
1649917
1649927
1649959
1649981
1649987
1649993
1650001
1650023
1650031
1650041
1650059
1650079
1650083
1650091
1650097
1650101
1650107
1650109
1650133
1650137
1650157
1650167
1650179
1650191
1650199
1650221
1650263
1650281
1650287
1650293
1650301
1650317
1650331
1650349
1650353
1650371
1650379
1650401
1650413
1650427
1650437
1650463
1650487
1650491
1650521
1650529
1650553
1650557
1650563
1650569
1650577
1650589
1650601
1650611
1650613
1650617
1650629
1650637
1650647
1650659
1650667
1650673
1650703
1650743
1650757
1650763
1650769
1650793
1650823
1650877
1650881
1650889
1650907
1650911
1650923
1650931
1650937
1650949
1650959
1650983
1650991
1651007
1651019
1651033
1651073
1651093
1651151
1651163
1651171
1651183
1651201
1651207
1651211
1651213
1651219
1651229
1651259
1651267
1651283
1651291
1651297
1651313
1651343
1651361
1651369
1651379
1651387
1651409
1651411
1651457
1651471
1651477
1651493
1651511
1651513
1651541
1651547
1651553
1651571
1651589
1651591
1651597
1651609
1651621
1651667
1651681
1651691
1651693
1651723
1651747
1651757
1651781
1651787
1651801
1651829
1651843
1651847
1651861
1651877
1651891
1651921
1651943
1651961
1651981
1652011
1652033
1652039
1652047
1652051
1652081
1652089
1652129
1652137
1652141
1652171
1652237
1652243
1652263
1652267
1652279
1652291
1652317
1652347
1652351
1652353
1652359
1652363
1652369
1652377
1652407
1652419
1652459
1652479
1652489
1652491
1652503
1652509
1652513
1652543
1652569
1652591
1652597
1652611
1652617
1652627
1652671
1652687
1652701
1652719
1652731
1652737
1652741
1652747
1652771
1652773
1652789
1652801
1652821
1652831
1652837
1652839
1652843
1652863
1652869
1652873
1652879
1652881
1652887
1652891
1652897
1652899
1652909
1652921
1652923
1652929
1652933
1652947
1652993
1653007
1653011
1653023
1653031
1653059
1653061
1653083
1653101
1653103
1653107
1653109
1653149
1653167
1653181
1653191
1653193
1653227
1653251
1653259
1653287
1653293
1653313
1653317
1653329
1653331
1653341
1653343
1653347
1653383
1653389
1653409
1653427
1653433
1653439
1653451
1653469
1653473
1653497
1653499
1653503
1653511
1653517
1653521
1653541
1653557
1653583
1653599
1653611
1653623
1653643
1653671
1653679
1653689
1653697
1653721
1653731
1653739
1653749
1653763
1653767
1653791
1653853
1653901
1653917
1653919
1653923
1653929
1653959
1653973
1653989
1653997
1654013
1654019
1654021
1654027
1654031
1654033
1654039
1654043
1654057
1654111
1654123
1654127
1654153
1654157
1654171
1654193
1654199
1654201
1654217
1654223
1654231
1654241
1654267
1654271
1654291
1654313
1654319
1654337
1654343
1654351
1654357
1654361
1654369
1654397
1654403
1654427
1654441
1654519
1654531
1654547
1654561
1654567
1654573
1654579
1654649
1654651
1654663
1654673
1654693
1654703
1654717
1654721
1654727
1654733
1654739
1654787
1654789
1654799
1654817
1654841
1654853
1654859
1654871
1654879
1654889
1654897
1654903
1654921
1654931
1654963
1654979
1654981
1654987
1655021
1655023
1655029
1655039
1655051
1655077
1655089
1655099
1655123
1655131
1655141
1655153
1655167
1655177
1655179
1655189
1655197
1655201
1655207
1655209
1655231
1655237
1655249
1655257
1655263
1655279
1655281
1655309
1655317
1655321
1655323
1655327
1655377
1655389
1655393
1655419
1655449
1655461
1655473
1655483
1655497
1655509
1655531
1655551
1655557
1655569
1655573
1655587
1655593
1655597
1655623
1655627
1655653
1655659
1655663
1655671
1655677
1655683
1655707
1655807
1655809
1655821
1655827
1655873
1655891
1655893
1655897
1655909
1655921
1655939
1655947
1655959
1655963
1655981
1655999
1656007
1656013
1656019
1656043
1656047
1656049
1656073
1656079
1656101
1656107
1656119
1656121
1656131
1656163
1656167
1656169
1656199
1656203
1656209
1656223
1656227
1656229
1656247
1656251
1656257
1656283
1656301
1656311
1656313
1656323
1656367
1656383
1656427
1656491
1656517
1656521
1656533
1656541
1656559
1656563
1656583
1656587
1656593
1656607
1656617
1656631
1656647
1656649
1656659
1656673
1656679
1656689
1656719
1656761
1656773
1656791
1656793
1656827
1656829
1656839
1656841
1656847
1656869
1656877
1656883
1656887
1656899
1656901
1656911
1656917
1656931
1656937
1656947
1656953
1656979
1656997
1657001
1657013
1657021
1657037
1657039
1657049
1657067
1657087
1657093
1657099
1657121
1657129
1657153
1657157
1657169
1657181
1657189
1657207
1657213
1657231
1657247
1657277
1657283
1657303
1657339
1657399
1657421
1657429
1657441
1657451
1657459
1657463
1657519
1657561
1657571
1657573
1657583
1657603
1657609
1657627
1657631
1657639
1657651
1657661
1657673
1657697
1657699
1657729
1657741
1657783
1657793
1657801
1657811
1657861
1657867
1657871
1657889
1657897
1657927
1657937
1657939
1657949
1657963
1657987
1658009
1658023
1658029
1658039
1658051
1658053
1658089
1658101
1658119
1658147
1658161
1658201
1658203
1658213
1658233
1658243
1658273
1658291
1658309
1658311
1658353
1658359
1658383
1658387
1658389
1658411
1658413
1658417
1658429
1658441
1658443
1658471
1658479
1658483
1658497
1658509
1658513
1658533
1658561
1658611
1658617
1658623
1658627
1658669
1658711
1658749
1658753
1658759
1658801
1658807
1658827
1658837
1658849
1658857
1658869
1658873
1658893
1658927
1658941
1658957
1658963
1658971
1658977
1658989
1658999
1659011
1659029
1659041
1659067
1659083
1659101
1659103
1659107
1659109
1659131
1659169
1659181
1659187
1659211
1659223
1659233
1659239
1659263
1659269
1659277
1659299
1659323
1659347
1659349
1659373
1659401
1659407
1659431
1659443
1659451
1659457
1659491
1659527
1659533
1659547
1659551
1659569
1659571
1659587
1659613
1659629
1659643
1659649
1659653
1659661
1659667
1659673
1659683
1659719
1659731
1659737
1659787
1659797
1659809
1659811
1659817
1659851
1659877
1659881
1659883
1659893
1659913
1659919
1659971
1659997
1660007
1660037
1660039
1660063
1660069
1660073
1660097
1660103
1660111
1660121
1660133
1660177
1660189
1660199
1660207
1660229
1660231
1660247
1660259
1660261
1660283
1660289
1660297
1660357
1660367
1660387
1660409
1660411
1660423
1660433
1660457
1660469
1660471
1660489
1660493
1660499
1660507
1660517
1660553
1660559
1660573
1660601
1660609
1660661
1660663
1660667
1660691
1660697
1660699
1660709
1660721
1660723
1660727
1660739
1660741
1660751
1660783
1660793
1660837
1660843
1660871
1660873
1660889
1660921
1660943
1660957
1660963
1661003
1661021
1661029
1661059
1661063
1661069
1661111
1661117
1661123
1661137
1661141
1661159
1661161
1661173
1661237
1661243
1661249
1661251
1661273
1661281
1661293
1661311
1661327
1661333
1661347
1661353
1661431
1661437
1661441
1661447
1661479
1661489
1661503
1661519
1661549
1661557
1661567
1661587
1661599
1661623
1661629
1661641
1661659
1661663
1661669
1661677
1661713
1661731
1661741
1661789
1661813
1661827
1661831
1661833
1661839
1661851
1661857
1661861
1661887
1661893
1661899
1661917
1661939
1661953
1661969
1661977
1661983
1662007
1662013
1662029
1662041
1662083
1662103
1662119
1662121
1662149
1662161
1662163
1662191
1662211
1662217
1662223
1662229
1662257
1662281
1662293
1662307
1662319
1662341
1662347
1662361
1662377
1662383
1662389
1662403
1662439
1662449
1662457
1662467
1662487
1662491
1662503
1662517
1662527
1662547
1662553
1662559
1662571
1662581
1662589
1662593
1662611
1662629
1662631
1662637
1662641
1662643
1662653
1662667
1662697
1662701
1662707
1662733
1662737
1662751
1662757
1662761
1662779
1662781
1662803
1662833
1662839
1662841
1662851
1662863
1662883
1662893
1662901
1662929
1662943
1662953
1662959
1662961
1662977
1662979
1663009
1663027
1663031
1663073
1663091
1663099
1663117
1663133
1663147
1663157
1663169
1663183
1663217
1663219
1663223
1663267
1663273
1663289
1663301
1663303
1663309
1663327
1663349
1663351
1663373
1663379
1663381
1663391
1663397
1663457
1663463
1663477
1663481
1663513
1663517
1663523
1663537
1663547
1663549
1663579
1663589
1663609
1663619
1663681
1663687
1663693
1663703
1663709
1663721
1663747
1663763
1663771
1663777
1663789
1663793
1663813
1663861
1663867
1663873
1663877
1663891
1663913
1663919
1663951
1663967
1663973
1663997
1664009
1664017
1664021
1664053
1664063
1664071
1664083
1664101
1664123
1664227
1664251
1664261
1664279
1664287
1664291
1664353
1664387
1664407
1664417
1664431
1664437
1664447
1664459
1664461
1664501
1664543
1664549
1664557
1664561
1664563
1664569
1664627
1664633
1664651
1664653
1664681
1664701
1664711
1664713
1664771
1664797
1664801
1664807
1664821
1664833
1664849
1664857
1664863
1664867
1664869
1664893
1664903
1664909
1664941
1664959
1664987
1665007
1665023
1665029
1665043
1665061
1665067
1665071
1665073
1665091
1665107
1665109
1665121
1665137
1665143
1665149
1665161
1665173
1665197
1665211
1665221
1665233
1665247
1665263
1665271
1665277
1665311
1665317
1665343
1665421
1665427
1665437
1665451
1665467
1665479
1665493
1665523
1665527
1665529
1665533
1665563
1665569
1665571
1665577
1665581
1665583
1665611
1665619
1665623
1665647
1665649
1665659
1665679
1665689
1665701
1665709
1665757
1665761
1665767
1665823
1665827
1665841
1665869
1665877
1665889
1665899
1665907
1665919
1665929
1665931
1665941
1665943
1665967
1665973
1665997
1666003
1666019
1666037
1666039
1666043
1666061
1666081
1666111
1666127
1666139
1666151
1666177
1666201
1666211
1666213
1666237
1666261
1666271
1666279
1666297
1666303
1666307
1666309
1666321
1666339
1666351
1666361
1666387
1666393
1666397
1666403
1666409
1666417
1666421
1666429
1666447
1666477
1666481
1666487
1666499
1666507
1666519
1666523
1666531
1666541
1666559
1666589
1666597
1666607
1666619
1666627
1666657
1666711
1666727
1666729
1666733
1666757
1666771
1666781
1666783
1666789
1666793
1666807
1666811
1666823
1666843
1666853
1666871
1666897
1666909
1666913
1666919
1666933
1666939
1666943
1666991
1666999
1667033
1667047
1667051
1667053
1667077
1667131
1667143
1667147
1667179
1667189
1667209
1667213
1667227
1667233
1667243
1667249
1667251
1667279
1667287
1667291
1667311
1667321
1667329
1667353
1667357
1667359
1667363
1667389
1667401
1667417
1667423
1667441
1667443
1667447
1667461
1667473
1667489
1667507
1667509
1667537
1667543
1667551
1667579
1667597
1667599
1667609
1667623
1667629
1667639
1667641
1667647
1667651
1667663
1667689
1667693
1667711
1667723
1667741
1667747
1667749
1667773
1667777
1667779
1667789
1667791
1667821
1667833
1667837
1667843
1667851
1667863
1667867
1667873
1667881
1667899
1667917
1667933
1667947
1667951
1667957
1667959
1667969
1668001
1668011
1668019
1668031
1668053
1668061
1668083
1668089
1668113
1668119
1668131
1668133
1668137
1668197
1668211
1668229
1668241
1668253
1668299
1668301
1668307
1668313
1668319
1668323
1668347
1668361
1668379
1668427
1668437
1668449
1668467
1668473
1668479
1668481
1668503
1668509
1668517
1668521
1668539
1668551
1668553
1668587
1668593
1668617
1668619
1668629
1668647
1668649
1668679
1668683
1668721
1668727
1668739
1668743
1668757
1668773
1668791
1668803
1668833
1668847
1668869
1668883
1668889
1668911
1668913
1668929
1668943
1668971
1668983
1669027
1669049
1669061
1669091
1669097
1669099
1669103
1669121
1669127
1669141
1669147
1669163
1669177
1669193
1669201
1669219
1669223
1669231
1669237
1669243
1669249
1669253
1669259
1669279
1669289
1669301
1669309
1669313
1669331
1669351
1669357
1669361
1669391
1669399
1669427
1669433
1669441
1669453
1669463
1669469
1669471
1669489
1669513
1669537
1669541
1669543
1669571
1669579
1669589
1669597
1669627
1669637
1669649
1669651
1669687
1669697
1669727
1669741
1669747
1669751
1669763
1669781
1669783
1669793
1669799
1669813
1669817
1669861
1669873
1669879
1669883
1669897
1669931
1669933
1669937
1669951
1669963
1669979
1669999
1670003
1670017
1670057
1670059
1670089
1670093
1670129
1670161
1670171
1670183
1670213
1670269
1670281
1670287
1670303
1670327
1670341
1670353
1670359
1670399
1670407
1670411
1670413
1670419
1670447
1670477
1670489
1670491
1670503
1670519
1670527
1670531
1670533
1670551
1670561
1670563
1670567
1670569
1670579
1670597
1670623
1670629
1670633
1670639
1670653
1670657
1670659
1670687
1670717
1670723
1670741
1670761
1670783
1670813
1670819
1670827
1670831
1670833
1670857
1670863
1670887
1670891
1670899
1670923
1670953
1670959
1670971
1670983
1671041
1671053
1671073
1671077
1671097
1671101
1671121
1671133
1671139
1671161
1671191
1671199
1671209
1671211
1671223
1671227
1671277
1671289
1671311
1671337
1671343
1671347
1671349
1671359
1671379
1671421
1671431
1671437
1671443
1671451
1671463
1671493
1671497
1671511
1671517
1671521
1671577
1671581
1671599
1671619
1671629
1671641
1671643
1671671
1671679
1671689
1671707
1671713
1671727
1671731
1671739
1671757
1671781
1671907
1671941
1671947
1671961
1671977
1671983
1671997
1672003
1672009
1672037
1672051
1672063
1672079
1672081
1672087
1672091
1672117
1672129
1672199
1672219
1672243
1672271
1672301
1672331
1672337
1672339
1672379
1672381
1672393
1672421
1672423
1672441
1672453
1672457
1672469
1672471
1672487
1672499
1672501
1672507
1672519
1672523
1672529
1672549
1672553
1672603
1672607
1672609
1672631
1672637
1672639
1672651
1672663
1672747
1672751
1672753
1672771
1672787
1672799
1672849
1672861
1672873
1672889
1672897
1672901
1672921
1672927
1672939
1672949
1672961
1672963
1672967
1672999
1673011
1673017
1673027
1673053
1673069
1673071
1673081
1673099
1673107
1673131
1673137
1673167
1673171
1673179
1673183
1673207
1673209
1673237
1673249
1673279
1673281
1673297
1673317
1673339
1673377
1673381
1673389
1673393
1673401
1673407
1673437
1673447
1673453
1673461
1673489
1673509
1673513
1673519
1673527
1673543
1673563
1673569
1673591
1673627
1673629
1673663
1673669
1673681
1673713
1673719
1673723
1673731
1673741
1673747
1673753
1673759
1673797
1673807
1673809
1673813
1673827
1673831
1673839
1673849
1673857
1673897
1673923
1673927
1673933
1673941
1673951
1673953
1673981
1673983
1673993
1674011
1674047
1674053
1674067
1674073
1674107
1674133
1674151
1674157
1674161
1674163
1674181
1674203
1674209
1674259
1674269
1674271
1674289
1674301
1674319
1674329
1674353
1674371
1674391
1674433
1674437
1674457
1674461
1674473
1674503
1674523
1674539
1674557
1674559
1674577
1674581
1674587
1674593
1674599
1674601
1674613
1674623
1674637
1674643
1674649
1674667
1674683
1674703
1674733
1674737
1674763
1674767
1674769
1674787
1674797
1674817
1674821
1674847
1674887
1674889
1674901
1674913
1674917
1674919
1674931
1674941
1674947
1674949
1674971
1674989
1674991
1674997
1675001
1675007
1675013
1675039
1675049
1675057
1675073
1675087
1675109
1675111
1675117
1675133
1675139
1675181
1675183
1675199
1675213
1675217
1675259
1675273
1675279
1675283
1675291
1675307
1675321
1675327
1675339
1675351
1675361
1675369
1675379
1675393
1675411
1675441
1675447
1675459
1675463
1675507
1675561
1675567
1675577
1675579
1675589
1675607
1675613
1675627
1675631
1675637
1675679
1675697
1675703
1675717
1675721
1675733
1675747
1675759
1675763
1675769
1675771
1675787
1675789
1675799
1675801
1675831
1675847
1675859
1675867
1675873
1675931
1675937
1675943
1675951
1675963
1675967
1675981
1675991
1676023
1676027
1676029
1676041
1676053
1676069
1676071
1676083
1676111
1676167
1676173
1676221
1676243
1676261
1676267
1676281
1676303
1676321
1676333
1676347
1676383
1676393
1676413
1676417
1676431
1676453
1676471
1676473
1676497
1676501
1676533
1676551
1676561
1676569
1676593
1676599
1676611
1676621
1676627
1676629
1676641
1676651
1676663
1676687
1676711
1676713
1676749
1676767
1676771
1676783
1676813
1676827
1676833
1676837
1676869
1676879
1676887
1676891
1676893
1676911
1676923
1676947
1676963
1676971
1676981
1676993
1677001
1677019
1677031
1677037
1677047
1677083
1677089
1677113
1677121
1677133
1677163
1677167
1677191
1677197
1677199
1677209
1677217
1677251
1677253
1677281
1677283
1677287
1677323
1677329
1677337
1677343
1677349
1677353
1677359
1677443
1677451
1677457
1677461
1677463
1677499
1677521
1677523
1677527
1677539
1677569
1677583
1677589
1677593
1677631
1677667
1677673
1677703
1677707
1677721
1677727
1677733
1677743
1677773
1677779
1677787
1677791
1677811
1677847
1677857
1677877
1677887
1677899
1677941
1677961
1677971
1677997
1678009
1678013
1678021
1678031
1678037
1678067
1678069
1678073
1678091
1678093
1678111
1678129
1678133
1678151
1678153
1678181
1678199
1678207
1678217
1678219
1678231
1678249
1678267
1678277
1678301
1678319
1678321
1678331
1678337
1678349
1678361
1678363
1678367
1678381
1678399
1678409
1678421
1678423
1678429
1678459
1678463
1678507
1678531
1678543
1678553
1678571
1678577
1678601
1678603
1678613
1678627
1678639
1678657
1678673
1678679
1678687
1678693
1678697
1678711
1678717
1678739
1678751
1678753
1678757
1678759
1678769
1678771
1678777
1678837
1678843
1678847
1678861
1678871
1678877
1678879
1678883
1678889
1678891
1678921
1678951
1678961
1678979
1678993
1679009
1679017
1679033
1679057
1679059
1679077
1679099
1679101
1679113
1679123
1679131
1679143
1679159
1679189
1679203
1679213
1679233
1679261
1679267
1679273
1679281
1679287
1679291
1679297
1679323
1679329
1679333
1679351
1679371
1679383
1679417
1679443
1679459
1679471
1679473
1679479
1679501
1679521
1679533
1679539
1679599
1679603
1679609
1679627
1679633
1679641
1679653
1679659
1679669
1679681
1679683
1679687
1679693
1679701
1679723
1679773
1679779
1679801
1679807
1679831
1679833
1679849
1679857
1679863
1679903
1679917
1679939
1679959
1679963
1679981
1680013
1680023
1680071
1680079
1680089
1680101
1680103
1680121
1680131
1680149
1680167
1680179
1680181
1680191
1680247
1680253
1680269
1680271
1680277
1680313
1680317
1680319
1680323
1680359
1680361
1680373
1680377
1680401
1680407
1680421
1680431
1680439
1680457
1680461
1680491
1680509
1680527
1680529
1680551
1680557
1680583
1680589
1680593
1680617
1680643
1680647
1680659
1680689
1680697
1680703
1680709
1680743
1680761
1680779
1680787
1680793
1680803
1680821
1680823
1680839
1680859
1680871
1680881
1680893
1680901
1680907
1680919
1680929
1680961
1680967
1680979
1680983
1681003
1681007
1681027
1681033
1681061
1681073
1681091
1681103
1681129
1681151
1681157
1681187
1681193
1681201
1681219
1681241
1681247
1681259
1681261
1681271
1681279
1681289
1681307
1681321
1681349
1681363
1681397
1681403
1681411
1681423
1681469
1681501
1681513
1681517
1681541
1681571
1681573
1681579
1681591
1681597
1681619
1681621
1681639
1681649
1681651
1681661
1681679
1681703
1681711
1681717
1681721
1681723
1681787
1681807
1681817
1681837
1681853
1681871
1681873
1681877
1681879
1681891
1681903
1681907
1681931
1681957
1681973
1681991
1682017
1682047
1682069
1682081
1682101
1682111
1682119
1682123
1682143
1682159
1682179
1682207
1682237
1682249
1682251
1682257
1682281
1682287
1682293
1682311
1682333
1682363
1682383
1682389
1682399
1682407
1682413
1682423
1682449
1682477
1682479
1682489
1682509
1682521
1682531
1682537
1682539
1682543
1682557
1682561
1682567
1682573
1682581
1682627
1682663
1682669
1682671
1682693
1682701
1682713
1682717
1682753
1682801
1682809
1682827
1682831
1682833
1682843
1682867
1682893
1682911
1682939
1682951
1682987
1682999
1683007
1683013
1683029
1683037
1683041
1683043
1683049
1683053
1683067
1683089
1683103
1683113
1683169
1683223
1683233
1683239
1683251
1683259
1683271
1683293
1683299
1683313
1683317
1683359
1683373
1683397
1683403
1683433
1683467
1683469
1683491
1683497
1683503
1683523
1683553
1683581
1683589
1683601
1683631
1683637
1683667
1683673
1683679
1683691
1683719
1683733
1683749
1683767
1683779
1683817
1683839
1683841
1683887
1683949
1683971
1683977
1684019
1684031
1684063
1684079
1684091
1684097
1684099
1684127
1684169
1684171
1684187
1684223
1684229
1684231
1684237
1684247
1684259
1684283
1684289
1684297
1684301
1684303
1684307
1684327
1684337
1684373
1684379
1684387
1684399
1684409
1684427
1684477
1684481
1684489
1684511
1684531
1684537
1684549
1684561
1684577
1684591
1684607
1684609
1684667
1684679
1684691
1684693
1684703
1684733
1684741
1684763
1684769
1684777
1684789
1684801
1684829
1684843
1684861
1684867
1684873
1684877
1684883
1684919
1684937
1684951
1684973
1684979
1684993
1684999
1685011
1685039
1685051
1685071
1685077
1685087
1685093
1685107
1685111
1685113
1685119
1685153
1685171
1685179
1685207
1685209
1685221
1685231
1685267
1685269
1685273
1685297
1685317
1685323
1685381
1685399
1685407
1685419
1685423
1685429
1685441
1685443
1685447
1685449
1685459
1685473
1685477
1685479
1685483
1685503
1685521
1685527
1685543
1685549
1685573
1685581
1685591
1685599
1685617
1685627
1685681
1685701
1685707
1685711
1685713
1685731
1685759
1685767
1685773
1685777
1685779
1685809
1685819
1685821
1685833
1685837
1685861
1685863
1685869
1685881
1685897
1685911
1685917
1685933
1685951
1685953
1685963
1685977
1685989
1686017
1686029
1686049
1686067
1686071
1686109
1686119
1686133
1686137
1686143
1686149
1686169
1686173
1686197
1686203
1686229
1686239
1686257
1686259
1686271
1686287
1686319
1686329
1686341
1686343
1686353
1686367
1686389
1686403
1686409
1686439
1686449
1686473
1686479
1686491
1686511
1686527
1686547
1686551
1686563
1686569
1686583
1686593
1686631
1686637
1686647
1686661
1686667
1686673
1686677
1686683
1686697
1686701
1686703
1686743
1686749
1686779
1686823
1686827
1686851
1686857
1686871
1686907
1686913
1686931
1686943
1686967
1686973
1686983
1687009
1687033
1687039
1687057
1687061
1687087
1687111
1687117
1687129
1687139
1687151
1687157
1687171
1687177
1687183
1687187
1687193
1687247
1687289
1687297
1687319
1687327
1687331
1687339
1687373
1687381
1687393
1687421
1687451
1687453
1687489
1687507
1687531
1687549
1687559
1687571
1687583
1687591
1687603
1687613
1687627
1687633
1687643
1687657
1687661
1687667
1687669
1687729
1687739
1687757
1687759
1687781
1687783
1687799
1687801
1687823
1687831
1687837
1687843
1687849
1687853
1687859
1687909
1687937
1687949
1687963
1687969
1687991
1687999
1688041
1688047
1688069
1688077
1688081
1688101
1688123
1688143
1688147
1688153
1688161
1688173
1688179
1688189
1688201
1688213
1688231
1688237
1688243
1688261
1688263
1688279
1688299
1688311
1688317
1688327
1688329
1688341
1688363
1688369
1688371
1688387
1688411
1688413
1688443
1688471
1688497
1688509
1688543
1688573
1688579
1688623
1688629
1688651
1688657
1688669
1688677
1688681
1688741
1688759
1688773
1688789
1688803
1688809
1688837
1688857
1688861
1688887
1688893
1688903
1688909
1688917
1688923
1688927
1688969
1688971
1688977
1688987
1689031
1689049
1689053
1689067
1689071
1689109
1689113
1689167
1689197
1689199
1689211
1689217
1689253
1689263
1689277
1689287
1689319
1689343
1689353
1689367
1689377
1689379
1689397
1689431
1689437
1689451
1689497
1689503
1689521
1689533
1689551
1689553
1689601
1689607
1689617
1689641
1689659
1689661
1689703
1689707
1689713
1689719
1689739
1689757
1689763
1689767
1689773
1689781
1689829
1689847
1689869
1689881
1689893
1689907
1689911
1689913
1689923
1689929
1689931
1689967
1690009
1690019
1690043
1690057
1690067
1690079
1690081
1690097
1690099
1690103
1690121
1690153
1690187
1690189
1690193
1690211
1690217
1690219
1690229
1690231
1690253
1690267
1690277
1690303
1690309
1690313
1690319
1690349
1690357
1690387
1690393
1690421
1690427
1690433
1690441
1690483
1690519
1690529
1690537
1690547
1690571
1690573
1690597
1690603
1690609
1690621
1690651
1690669
1690673
1690681
1690687
1690691
1690693
1690727
1690739
1690757
1690781
1690783
1690811
1690831
1690847
1690849
1690853
1690883
1690901
1690933
1690967
1690993
1691003
1691023
1691033
1691051
1691069
1691087
1691093
1691099
1691101
1691113
1691119
1691141
1691161
1691189
1691219
1691227
1691231
1691237
1691243
1691257
1691269
1691273
1691293
1691297
1691303
1691321
1691359
1691369
1691387
1691401
1691411
1691413
1691419
1691423
1691429
1691441
1691461
1691479
1691507
1691519
1691527
1691531
1691533
1691561
1691567
1691593
1691611
1691621
1691633
1691647
1691659
1691681
1691689
1691693
1691737
1691747
1691759
1691771
1691803
1691821
1691827
1691839
1691843
1691849
1691861
1691863
1691867
1691869
1691897
1691917
1691927
1691933
1691939
1691983
1692013
1692017
1692023
1692043
1692049
1692059
1692071
1692091
1692107
1692137
1692139
1692149
1692161
1692167
1692181
1692191
1692199
1692203
1692217
1692221
1692233
1692239
1692241
1692247
1692253
1692283
1692293
1692337
1692377
1692407
1692413
1692421
1692433
1692461
1692473
1692479
1692499
1692511
1692541
1692563
1692583
1692589
1692629
1692637
1692641
1692667
1692679
1692683
1692697
1692709
1692721
1692727
1692737
1692749
1692763
1692791
1692827
1692829
1692839
1692857
1692863
1692871
1692883
1692907
1692917
1692947
1692949
1692959
1692967
1692983
1692989
1693001
1693031
1693051
1693067
1693073
1693091
1693093
1693103
1693129
1693169
1693171
1693187
1693201
1693249
1693267
1693271
1693273
1693277
1693303
1693309
1693327
1693331
1693333
1693343
1693357
1693361
1693411
1693427
1693429
1693441
1693493
1693501
1693511
1693529
1693537
1693541
1693553
1693577
1693579
1693583
1693607
1693613
1693621
1693631
1693633
1693639
1693649
1693661
1693663
1693667
1693691
1693711
1693729
1693753
1693763
1693777
1693807
1693817
1693841
1693859
1693883
1693889
1693891
1693921
1693943
1693957
1693987
1694023
1694027
1694029
1694051
1694081
1694083
1694089
1694123
1694129
1694141
1694159
1694167
1694171
1694177
1694191
1694197
1694207
1694213
1694221
1694227
1694233
1694239
1694263
1694281
1694291
1694309
1694311
1694327
1694351
1694353
1694359
1694369
1694377
1694393
1694423
1694443
1694447
1694449
1694467
1694503
1694507
1694513
1694521
1694533
1694551
1694573
1694599
1694603
1694621
1694647
1694681
1694689
1694701
1694717
1694723
1694729
1694761
1694767
1694779
1694809
1694821
1694831
1694837
1694851
1694879
1694897
1694909
1694921
1694929
1694941
1694977
1694989
1695041
1695061
1695073
