1200007
1200061
1200077
1200083
1200109
1200139
1200161
1200167
1200179
1200187
1200191
1200233
1200253
1200307
1200313
1200323
1200341
1200349
1200359
1200361
1200371
1200373
1200377
1200383
1200389
1200403
1200443
1200449
1200461
1200467
1200491
1200499
1200509
1200527
1200581
1200583
1200607
1200611
1200637
1200643
1200673
1200679
1200691
1200697
1200701
1200739
1200751
1200779
1200799
1200809
1200811
1200833
1200839
1200869
1200883
1200887
1200889
1200917
1200929
1200937
1200943
1200949
1200959
1200989
1201001
1201003
1201019
1201021
1201027
1201043
1201049
1201061
1201073
1201087
1201097
1201103
1201111
1201117
1201141
1201153
1201163
1201171
1201183
1201201
1201217
1201229
1201241
1201247
1201261
1201283
1201307
1201309
1201327
1201337
1201381
1201439
1201469
1201481
1201483
1201489
1201493
1201513
1201523
1201531
1201553
1201559
1201567
1201583
1201601
1201633
1201637
1201643
1201687
1201691
1201699
1201703
1201709
1201729
1201787
1201793
1201813
1201829
1201841
1201843
1201853
1201873
1201909
1201919
1201939
1201961
1201969
1201999
1202009
1202017
1202023
1202027
1202029
1202041
1202057
1202063
1202077
1202081
1202099
1202107
1202129
1202147
1202153
1202183
1202191
1202219
1202221
1202231
1202239
1202251
1202261
1202269
1202293
1202303
1202317
1202321
1202329
1202347
1202363
1202387
1202423
1202429
1202437
1202447
1202471
1202473
1202477
1202483
1202497
1202501
1202507
1202549
1202561
1202569
1202603
1202609
1202627
1202629
1202633
1202689
1202741
1202743
1202771
1202779
1202783
1202791
1202807
1202813
1202819
1202827
1202837
1202843
1202849
1202857
1202863
1202867
1202881
1202939
1202959
1202963
1202977
1202987
1203019
1203067
1203077
1203101
1203121
1203127
1203149
1203151
1203161
1203179
1203193
1203211
1203217
1203221
1203229
1203233
1203263
1203283
1203287
1203329
1203331
1203343
1203359
1203361
1203421
1203437
1203443
1203457
1203463
1203467
1203487
1203493
1203509
1203533
1203557
1203571
1203581
1203607
1203611
1203619
1203641
1203661
1203667
1203689
1203691
1203731
1203733
1203739
1203757
1203773
1203779
1203791
1203793
1203799
1203809
1203817
1203827
1203841
1203863
1203887
1203893
1203899
1203901
1203913
1203919
1203929
1203931
1203941
1203949
1203953
1203959
1203971
1204003
1204019
1204037
1204097
1204103
1204117
1204139
1204141
1204153
1204169
1204171
1204183
1204207
1204219
1204243
1204271
1204279
1204289
1204309
1204337
1204363
1204369
1204397
1204409
1204421
1204447
1204451
1204453
1204471
1204477
1204493
1204507
1204519
1204529
1204561
1204583
1204597
1204607
1204613
1204633
1204649
1204669
1204681
1204699
1204711
1204729
1204741
1204781
1204783
1204787
1204813
1204823
1204859
1204871
1204873
1204883
1204891
1204937
1204967
1204969
1204981
1205027
1205047
1205081
1205089
1205093
1205101
1205117
1205119
1205123
1205159
1205173
1205179
1205219
1205231
1205251
1205257
1205287
1205293
1205339
1205377
1205387
1205411
1205437
1205447
1205459
1205467
1205471
1205473
1205489
1205513
1205527
1205537
1205539
1205549
1205557
1205563
1205609
1205627
1205629
1205639
1205647
1205653
1205663
1205669
1205681
1205693
1205707
1205713
1205717
1205731
1205749
1205753
1205767
1205773
1205779
1205819
1205843
1205891
1205899
1205903
1205921
1205947
1205951
1205969
1205977
1205999
1206013
1206017
1206043
1206053
1206059
1206061
1206071
1206113
1206131
1206151
1206157
1206169
1206173
1206181
1206187
1206199
1206209
1206223
1206229
1206259
1206263
1206277
1206307
1206319
1206323
1206341
1206347
1206353
1206377
1206383
1206391
1206407
1206433
1206449
1206461
1206467
1206479
1206497
1206529
1206539
1206553
1206563
1206577
1206581
1206587
1206619
1206637
1206679
1206683
1206691
1206701
1206703
1206713
1206721
1206731
1206743
1206749
1206761
1206767
1206769
1206773
1206781
1206791
1206809
1206827
1206841
1206869
1206941
1206973
1206979
1207001
1207027
1207033
1207039
1207043
1207079
1207093
1207097
1207111
1207117
1207121
1207123
1207133
1207147
1207159
1207211
1207223
1207237
1207249
1207259
1207267
1207291
1207307
1207309
1207313
1207319
1207331
1207343
1207351
1207363
1207379
1207387
1207403
1207417
1207429
1207439
1207441
1207447
1207489
1207501
1207511
1207519
1207529
1207537
1207597
1207603
1207627
1207649
1207681
1207699
1207721
1207727
1207751
1207757
1207769
1207841
1207883
1207903
1207909
1207919
1207933
1207957
1207961
1207979
1207981
1208017
1208021
1208023
1208027
1208033
1208057
1208069
1208089
1208113
1208117
1208131
1208149
1208159
1208177
1208189
1208209
1208219
1208237
1208239
1208243
1208269
1208279
1208297
1208299
1208303
1208341
1208371
1208387
1208399
1208407
1208413
1208423
1208447
1208461
1208507
1208521
1208561
1208569
1208573
1208591
1208651
1208657
1208663
1208677
1208681
1208689
1208707
1208731
1208741
1208777
1208789
1208791
1208797
1208813
1208821
1208833
1208843
1208849
1208863
1208873
1208927
1208939
1208941
1208957
1209007
1209017
1209029
1209053
1209073
1209079
1209083
1209107
1209113
1209121
1209139
1209151
1209163
1209181
1209191
1209199
1209209
1209223
1209233
1209239
1209251
1209269
1209277
1209281
1209287
1209311
1209337
1209347
1209353
1209367
1209379
1209427
1209437
1209457
1209463
1209469
1209487
1209491
1209517
1209539
1209557
1209563
1209577
1209583
1209587
1209617
1209629
1209631
1209647
1209671
1209697
1209707
1209709
1209739
1209757
1209763
1209773
1209779
1209781
1209809
1209811
1209821
1209841
1209853
1209877
1209883
1209889
1209931
1209947
1209959
1209973
1209979
1210003
1210019
1210021
1210037
1210039
1210049
1210051
1210067
1210093
1210103
1210123
1210127
1210151
1210163
1210169
1210177
1210193
1210207
1210211
1210229
1210241
1210259
1210289
1210351
1210369
1210379
1210387
1210393
1210397
1210399
1210403
1210409
1210411
1210427
1210439
1210441
1210459
1210477
1210483
1210499
1210523
1210541
1210549
1210597
1210609
1210613
1210631
1210637
1210639
1210711
1210717
1210747
1210753
1210777
1210787
1210793
1210799
1210801
1210817
1210819
1210831
1210843
1210871
1210873
1210877
1210879
1210883
1210897
1210903
1210921
1210933
1210939
1210949
1210967
1210987
1210999
1211027
1211039
1211051
1211057
1211059
1211081
1211083
1211087
1211141
1211167
1211179
1211183
1211191
1211207
1211227
1211261
1211279
1211281
1211303
1211311
1211333
1211339
1211381
1211389
1211393
1211407
1211411
1211423
1211443
1211477
1211489
1211501
1211503
1211531
1211537
1211543
1211549
1211563
1211593
1211597
1211599
1211603
1211621
1211629
1211647
1211653
1211657
1211659
1211669
1211677
1211689
1211701
1211719
1211723
1211731
1211737
1211741
1211761
1211767
1211779
1211789
1211797
1211807
1211813
1211827
1211843
1211857
1211863
1211897
1211911
1211921
1211923
1211933
1211983
1211999
1212011
1212017
1212023
1212047
1212053
1212061
1212103
1212119
1212121
1212149
1212173
1212187
1212191
1212199
1212221
1212227
1212241
1212251
1212259
1212283
1212293
1212301
1212319
1212331
1212347
1212361
1212373
1212397
1212401
1212427
1212433
1212437
1212439
1212443
1212473
1212479
1212487
1212517
1212521
1212551
1212569
1212611
1212613
1212641
1212649
1212671
1212677
1212683
1212697
1212703
1212709
1212719
1212737
1212769
1212773
1212781
1212787
1212793
1212811
1212817
1212839
1212847
1212851
1212853
1212857
1212877
1212889
1212907
1212917
1212919
1212923
1212931
1212943
1212973
1212989
1213007
1213019
1213021
1213027
1213033
1213049
1213057
1213063
1213081
1213087
1213097
1213109
1213129
1213133
1213141
1213151
1213153
1213183
1213189
1213213
1213241
1213253
1213259
1213271
1213301
1213327
1213339
1213357
1213367
1213379
1213427
1213439
1213451
1213469
1213481
1213483
1213517
1213529
1213547
1213561
1213573
1213577
1213591
1213601
1213607
1213627
1213631
1213633
1213643
1213651
1213657
1213661
1213673
1213721
1213741
1213747
1213757
1213759
1213763
1213781
1213801
1213829
1213837
1213841
1213873
1213879
1213897
1213907
1213909
1213913
1213921
1213931
1213939
1213943
1213951
1213981
1214011
1214023
1214039
1214047
1214077
1214093
1214113
1214117
1214131
1214137
1214141
1214159
1214167
1214183
1214189
1214197
1214219
1214221
1214237
1214261
1214273
1214281
1214299
1214333
1214357
1214371
1214393
1214401
1214407
1214413
1214417
1214431
1214441
1214453
1214459
1214471
1214483
1214489
1214519
1214533
1214567
1214573
1214579
1214593
1214617
1214623
1214639
1214641
1214657
1214659
1214663
1214669
1214671
1214683
1214687
1214711
1214729
1214737
1214743
1214749
1214767
1214819
1214827
1214849
1214867
1214891
1214909
1214923
1214933
1214947
1214957
1214959
1214963
1214971
1214977
1214981
1215017
1215029
1215047
1215079
1215083
1215103
1215121
1215133
1215157
1215161
1215167
1215173
1215197
1215209
1215229
1215239
1215271
1215283
1215299
1215301
1215311
1215329
1215349
1215359
1215367
1215391
1215397
1215407
1215421
1215433
1215437
1215439
1215451
1215457
1215463
1215497
1215499
1215509
1215521
1215553
1215569
1215583
1215587
1215623
1215629
1215631
1215637
1215647
1215649
1215673
1215679
1215703
1215719
1215743
1215769
1215779
1215787
1215827
1215839
1215847
1215853
1215859
1215881
1215899
1215917
1215919
1215923
1216009
1216013
1216021
1216043
1216067
1216069
1216087
1216091
1216109
1216123
1216147
1216151
1216177
1216213
1216249
1216273
1216277
1216337
1216339
1216349
1216351
1216373
1216379
1216387
1216393
1216417
1216421
1216433
1216441
1216451
1216459
1216489
1216507
1216529
1216543
1216547
1216559
1216561
1216577
1216583
1216591
1216601
1216603
1216619
1216681
1216693
1216711
1216717
1216729
1216751
1216759
1216763
1216777
1216793
1216799
1216807
1216823
1216841
1216847
1216849
1216867
1216871
1216879
1216903
1216913
1216937
1216939
1216951
1216961
1216973
1216987
1216997
1217009
1217017
1217023
1217033
1217053
1217057
1217063
1217071
1217077
1217089
1217093
1217107
1217113
1217119
1217131
1217141
1217143
1217147
1217171
1217179
1217191
1217207
1217213
1217219
1217233
1217261
1217269
1217297
1217299
1217303
1217309
1217317
1217329
1217351
1217393
1217399
1217407
1217417
1217423
1217443
1217467
1217471
1217473
1217477
1217483
1217509
1217521
1217533
1217537
1217561
1217617
1217647
1217651
1217663
1217669
1217677
1217683
1217687
1217719
1217731
1217753
1217759
1217771
1217809
1217813
1217831
1217833
1217861
1217893
1217899
1217903
1217917
1217921
1217927
1217933
1217941
1217947
1217963
1217977
1217989
1218017
1218043
1218089
1218121
1218131
1218157
1218167
1218179
1218197
1218199
1218209
1218211
1218221
1218247
1218251
1218257
1218263
1218277
1218281
1218307
1218313
1218367
1218383
1218391
1218401
1218421
1218433
1218449
1218457
1218463
1218467
1218473
1218487
1218533
1218557
1218559
1218571
1218583
1218601
1218617
1218631
1218649
1218653
1218683
1218691
1218709
1218727
1218731
1218739
1218761
1218773
1218779
1218787
1218821
1218829
1218853
1218859
1218901
1218911
1218913
1218923
1218941
1218949
1218953
1218989
1218991
1219003
1219061
1219081
1219091
1219109
1219111
1219123
1219129
1219147
1219177
1219213
1219237
1219241
1219271
1219279
1219297
1219301
1219303
1219307
1219313
1219343
1219349
1219357
1219399
1219411
1219433
1219453
1219457
1219469
1219481
1219487
1219489
1219501
1219507
1219549
1219577
1219607
1219613
1219619
1219639
1219643
1219649
1219651
1219657
1219663
1219679
1219703
1219717
1219721
1219727
1219739
1219747
1219753
1219763
1219783
1219787
1219789
1219793
1219807
1219811
1219831
1219837
1219843
1219847
1219849
1219859
1219861
1219871
1219877
1219879
1219891
1219909
1219913
1219919
1219931
1219949
1219951
1219957
1219961
1219963
1219991
1220027
1220029
1220041
1220071
1220077
1220099
1220147
1220171
1220203
1220239
1220249
1220251
1220257
1220309
1220327
1220333
1220347
1220353
1220363
1220369
1220393
1220411
1220423
1220437
1220489
1220491
1220497
1220507
1220591
1220599
1220623
1220657
1220663
1220669
1220689
1220699
1220711
1220717
1220729
1220743
1220761
1220773
1220777
1220783
1220797
1220801
1220803
1220819
1220833
1220839
1220893
1220897
1220903
1220917
1220927
1220953
1220969
1220981
1220983
1220993
1221019
1221029
1221049
1221061
1221079
1221083
1221089
1221097
1221113
1221119
1221131
1221163
1221167
1221193
1221197
1221221
1221223
1221239
1221247
1221251
1221289
1221299
1221373
1221379
1221383
1221391
1221421
1221427
1221443
1221449
1221457
1221463
1221469
1221499
1221503
1221523
1221527
1221533
1221541
1221551
1221557
1221559
1221589
1221593
1221601
1221631
1221641
1221653
1221659
1221667
1221707
1221749
1221751
1221761
1221767
1221791
1221793
1221811
1221821
1221823
1221853
1221863
1221907
1221917
1221937
1221959
1221971
1222003
1222019
1222027
1222037
1222049
1222057
1222063
1222097
1222129
1222157
1222159
1222171
1222187
1222219
1222229
1222231
1222241
1222253
1222259
1222267
1222271
1222279
1222307
1222373
1222393
1222409
1222411
1222433
1222471
1222483
1222493
1222499
1222513
1222523
1222537
1222561
1222567
1222583
1222597
1222601
1222603
1222633
1222643
1222651
1222667
1222679
1222681
1222693
1222717
1222723
1222729
1222751
1222757
1222769
1222777
1222789
1222801
1222811
1222829
1222831
1222847
1222853
1222889
1222909
1222913
1222931
1222943
1222957
1222967
1222993
1223003
1223021
1223029
1223039
1223051
1223059
1223077
1223083
1223093
1223119
1223149
1223161
1223177
1223179
1223197
1223203
1223207
1223231
1223237
1223263
1223279
1223281
1223309
1223311
1223323
1223329
1223351
1223357
1223381
1223419
1223437
1223447
1223449
1223459
1223471
1223489
1223491
1223527
1223533
1223549
1223561
1223569
1223587
1223591
1223603
1223633
1223683
1223687
1223689
1223693
1223723
1223731
1223749
1223753
1223767
1223773
1223777
1223857
1223863
1223867
1223879
1223897
1223921
1223939
1223941
1223953
1223977
1223987
1223993
1224029
1224031
1224053
1224059
1224077
1224079
1224089
1224109
1224121
1224131
1224133
1224149
1224163
1224169
1224193
1224203
1224217
1224229
1224233
1224239
1224257
1224259
1224269
1224271
1224281
1224287
1224299
1224329
1224337
1224347
1224389
1224403
1224413
1224437
1224439
1224473
1224479
1224481
1224529
1224533
1224577
1224599
1224637
1224673
1224677
1224701
1224703
1224709
1224739
1224763
1224767
1224809
1224823
1224851
1224857
1224859
1224863
1224869
1224887
1224889
1224893
1224913
1224919
1224943
1224953
1224967
1224973
1224983
1224991
1225009
1225019
1225061
1225067
1225073
1225079
1225087
1225093
1225097
1225099
1225109
1225111
1225117
1225123
1225127
1225129
1225153
1225157
1225183
1225219
1225223
1225261
1225283
1225297
1225303
1225319
1225327
1225331
1225361
1225373
1225381
1225397
1225409
1225459
1225493
1225501
1225507
1225517
1225529
1225541
1225559
1225571
1225577
1225579
1225589
1225591
1225603
1225621
1225643
1225657
1225663
1225687
1225691
1225703
1225723
1225727
1225729
1225759
1225769
1225787
1225817
1225849
1225871
1225879
1225883
1225891
1225897
1225907
1225909
1225919
1225927
1225933
1225949
1225963
1225981
1225997
1225999
1226011
1226041
1226053
1226063
1226077
1226083
1226087
1226101
1226111
1226117
1226179
1226189
1226191
1226209
1226213
1226237
1226257
1226263
1226293
1226297
1226299
1226311
1226321
1226339
1226341
1226347
1226353
1226377
1226387
1226417
1226461
1226471
1226479
1226483
1226501
1226503
1226531
1226539
1226549
1226557
1226581
1226593
1226609
1226611
1226623
1226629
1226651
1226663
1226677
1226681
1226683
1226699
1226707
1226711
1226713
1226741
1226767
1226779
1226783
1226789
1226801
1226803
1226807
1226821
1226831
1226851
1226857
1226861
1226867
1226891
1226899
1226959
1226977
1226983
1226993
1227047
1227053
1227101
1227103
1227131
1227133
1227143
1227151
1227157
1227167
1227173
1227181
1227241
1227271
1227277
1227299
1227301
1227319
1227323
1227329
1227337
1227353
1227379
1227407
1227431
1227437
1227463
1227469
1227491
1227497
1227539
1227547
1227559
1227563
1227619
1227637
1227649
1227659
1227683
1227701
1227703
1227713
1227719
1227769
1227797
1227829
1227833
1227841
1227847
1227871
1227881
1227887
1227911
1227917
1227929
1227943
1227949
1227973
1227977
1227979
1227983
1228001
1228009
1228013
1228021
1228091
1228099
1228109
1228133
1228147
1228153
1228159
1228163
1228181
1228187
1228193
1228219
1228243
1228247
1228273
1228277
1228291
1228303
1228309
1228327
1228333
1228351
1228373
1228391
1228393
1228397
1228399
1228429
1228441
1228457
1228459
1228489
1228501
1228519
1228537
1228541
1228543
1228547
1228567
1228571
1228583
1228589
1228603
1228613
1228631
1228651
1228657
1228679
1228691
1228693
1228741
1228763
1228783
1228789
1228837
1228841
1228849
1228861
1228883
1228889
1228891
1228907
1228919
1228937
1228943
1228949
1228951
1228961
1228963
1228987
1228993
1229021
1229023
1229071
1229077
1229093
1229113
1229131
1229141
1229149
1229159
1229197
1229201
1229203
1229209
1229213
1229227
1229237
1229257
1229269
1229273
1229279
1229297
1229309
1229311
1229317
1229329
1229351
1229353
1229359
1229369
1229377
1229381
1229401
1229443
1229447
1229453
1229461
1229483
1229489
1229519
1229521
1229531
1229561
1229563
1229581
1229597
1229617
1229633
1229647
1229663
1229689
1229707
1229719
1229731
1229743
1229773
1229783
1229807
1229827
1229869
1229873
1229897
1229903
1229911
1229939
1229941
1229957
1229981
1229993
1229999
1230013
1230023
1230029
1230067
1230071
1230107
1230127
1230167
1230169
1230181
1230199
1230223
1230227
1230233
1230241
1230263
1230301
1230311
1230329
1230331
1230337
1230343
1230347
1230349
1230367
1230371
1230373
1230377
1230379
1230391
1230401
1230433
1230461
1230469
1230479
1230491
1230521
1230529
1230539
1230547
1230571
1230587
1230599
1230629
1230631
1230637
1230667
1230689
1230727
1230739
1230743
1230751
1230769
1230791
1230829
1230863
1230869
1230871
1230881
1230907
1230913
1230941
1230949
1230967
1230997
1231001
1231003
1231039
1231049
1231051
1231063
1231073
1231091
1231093
1231099
1231127
1231129
1231141
1231171
1231177
1231193
1231199
1231201
1231207
1231229
1231231
1231247
1231261
1231267
1231277
1231283
1231301
1231303
1231309
1231313
1231319
1231337
1231339
1231357
1231379
1231381
1231387
1231411
1231421
1231423
1231453
1231457
1231459
1231469
1231481
1231487
1231511
1231513
1231547
1231553
1231577
1231579
1231589
1231597
1231613
1231631
1231663
1231669
1231687
1231691
1231697
1231709
1231721
1231733
1231753
1231757
1231771
1231781
1231787
1231799
1231807
1231817
1231829
1231831
1231843
1231859
1231873
1231877
1231883
1231889
1231943
1231961
1231981
1231987
1231999
1232003
1232069
1232071
1232083
1232089
1232171
1232183
1232201
1232213
1232221
1232227
1232243
1232269
1232291
1232299
1232327
1232339
1232351
1232353
1232377
1232389
1232393
1232401
1232411
1232417
1232431
1232437
1232453
1232461
1232477
1232527
1232531
1232537
1232563
1232573
1232603
1232611
1232617
1232657
1232659
1232683
1232689
1232713
1232719
1232771
1232797
1232801
1232809
1232831
1232843
1232849
1232851
1232879
1232893
1232909
1232941
1232947
1232977
1232981
1232983
1232999
1233019
1233047
1233073
1233079
1233097
1233101
1233107
1233121
1233143
1233179
1233181
1233187
1233209
1233241
1233251
1233259
1233263
1233301
1233313
1233319
1233361
1233371
1233373
1233377
1233409
1233431
1233433
1233437
1233439
1233473
1233493
1233497
1233509
1233523
1233527
1233539
1233563
1233569
1233577
1233587
1233593
1233599
1233607
1233611
1233619
1233641
1233647
1233653
1233709
1233721
1233751
1233761
1233763
1233779
1233781
1233851
1233887
1233899
1233907
1233923
1233929
1233949
1233983
1234001
1234003
1234039
1234049
1234063
1234067
1234099
1234109
1234117
1234133
1234147
1234187
1234231
1234237
1234241
1234243
1234253
1234271
1234309
1234333
1234349
1234351
1234367
1234379
1234391
1234393
1234417
1234439
1234463
1234511
1234517
1234531
1234537
1234543
1234547
1234577
1234603
1234613
1234627
1234657
1234687
1234703
1234721
1234747
1234757
1234759
1234769
1234777
1234787
1234789
1234799
1234813
1234819
1234837
1234841
1234843
1234853
1234873
1234889
1234901
1234951
1234967
1234969
1234991
1235021
1235027
1235041
1235063
1235083
1235093
1235099
1235131
1235137
1235141
1235149
1235159
1235167
1235177
1235183
1235191
1235239
1235243
1235249
1235251
1235263
1235281
1235287
1235303
1235309
1235321
1235327
1235363
1235369
1235383
1235389
1235417
1235419
1235431
1235447
1235449
1235459
1235473
1235477
1235497
1235501
1235503
1235539
1235569
1235573
1235593
1235651
1235653
1235659
1235669
1235701
1235711
1235761
1235789
1235791
1235803
1235807
1235821
1235831
1235833
1235867
1235879
1235887
1235891
1235909
1235929
1235933
1235947
1235977
1235981
1235987
1235999
1236017
1236073
1236077
1236161
1236163
1236173
1236203
1236211
1236229
1236233
1236239
1236259
1236307
1236317
1236329
1236337
1236383
1236397
1236419
1236439
1236449
1236467
1236479
1236481
1236491
1236517
1236527
1236533
1236541
1236553
1236583
1236611
1236623
1236629
1236643
1236659
1236661
1236667
1236701
1236709
1236713
1236727
1236737
1236743
1236751
1236757
1236761
1236769
1236787
1236791
1236797
1236803
1236811
1236827
1236857
1236883
1236901
1236953
1236959
1236979
1237001
1237013
1237031
1237037
1237043
1237051
1237057
1237063
1237079
1237091
1237121
1237129
1237139
1237151
1237163
1237177
1237199
1237207
1237211
1237213
1237217
1237231
1237253
1237273
1237279
1237283
1237297
1237309
1237349
1237363
1237373
1237387
1237393
1237403
1237417
1237433
1237441
1237471
1237487
1237493
1237499
1237501
1237513
1237519
1237529
1237531
1237543
1237547
1237567
1237571
1237589
1237619
1237627
1237661
1237721
1237727
1237739
1237757
1237763
1237783
1237813
1237823
1237829
1237843
1237849
1237853
1237867
1237877
1237897
1237919
1237931
1237939
1237949
1237961
1237963
1237967
1237993
1238023
1238033
1238051
1238063
1238071
1238087
1238089
1238101
1238119
1238129
1238137
1238177
1238179
1238189
1238197
1238201
1238219
1238267
1238269
1238273
1238291
1238317
1238327
1238333
1238371
1238381
1238383
1238407
1238411
1238423
1238429
1238431
1238437
1238449
1238459
1238491
1238509
1238521
1238533
1238537
1238551
1238597
1238599
1238621
1238647
1238659
1238681
1238683
1238687
1238693
1238717
1238719
1238747
1238749
1238759
1238761
1238767
1238771
1238789
1238801
1238821
1238827
1238833
1238843
1238863
1238893
1238903
1238911
1238917
1238921
1238947
1238989
1238999
1239001
1239013
1239023
1239041
1239067
1239089
1239103
1239109
1239127
1239151
1239179
1239191
1239197
1239223
1239229
1239239
1239247
1239269
1239281
1239311
1239319
1239323
1239341
1239347
1239353
1239361
1239367
1239377
1239379
1239397
1239421
1239443
1239449
1239457
1239461
1239481
1239499
1239509
1239517
1239523
1239529
1239533
1239551
1239569
1239583
1239593
1239599
1239607
1239619
1239643
1239661
1239671
1239697
1239727
1239737
1239739
1239751
1239761
1239773
1239803
1239817
1239839
1239877
1239893
1239899
1239911
1239913
1239919
1239923
1239943
1239961
1239971
1239983
1239989
1240007
1240009
1240013
1240021
1240027
1240039
1240081
1240087
1240097
1240117
1240139
1240153
1240159
1240181
1240193
1240199
1240207
1240219
1240231
1240241
1240247
1240271
1240273
1240307
1240319
1240333
1240361
1240363
1240387
1240391
1240399
1240423
1240483
1240487
1240511
1240517
1240523
1240543
1240553
1240559
1240607
1240621
1240637
1240667
1240669
1240691
1240699
1240703
1240709
1240717
1240739
1240741
1240751
1240763
1240769
1240777
1240793
1240807
1240817
1240831
1240859
1240861
1240931
1240957
1240973
1240979
1240991
1240999
1241003
1241027
1241033
1241039
1241059
1241077
1241081
1241087
1241159
1241161
1241173
1241197
1241203
1241243
1241249
1241257
1241263
1241267
1241269
1241291
1241321
1241341
1241347
1241351
1241369
1241377
1241381
1241389
1241407
1241413
1241417
1241423
1241437
1241447
1241467
1241477
1241483
1241489
1241491
1241507
1241509
1241549
1241551
1241557
1241573
1241579
1241587
1241627
1241651
1241659
1241677
1241699
1241741
1241743
1241761
1241771
1241789
1241813
1241819
1241827
1241869
1241879
1241893
1241921
1241923
1241927
1241939
1241941
1241951
1241957
1241963
1241971
1241987
1242001
1242029
1242061
1242067
1242089
1242097
1242103
1242107
1242119
1242121
1242151
1242167
1242169
1242181
1242191
1242193
1242217
1242221
1242233
1242251
1242271
1242289
1242317
1242347
1242359
1242361
1242379
1242403
1242407
1242413
1242419
1242421
1242457
1242487
1242503
1242517
1242569
1242601
1242611
1242617
1242623
1242629
1242641
1242643
1242739
1242757
1242763
1242767
1242781
1242803
1242811
1242817
1242823
1242827
1242841
1242859
1242869
1242889
1242893
1242929
1242931
1242937
1242947
1242959
1242977
1242979
1242991
1243003
1243013
1243093
1243097
1243111
1243129
1243133
1243141
1243147
1243157
1243169
1243181
1243211
1243271
1243273
1243309
1243337
1243343
1243349
1243367
1243369
1243373
1243387
1243391
1243393
1243421
1243427
1243439
1243471
1243477
1243481
1243483
1243511
1243523
1243537
1243547
1243559
1243577
1243579
1243609
1243631
1243639
1243643
1243663
1243673
1243691
1243709
1243717
1243741
1243747
1243783
1243789
1243793
1243807
1243811
1243819
1243841
1243843
1243859
1243877
1243883
1243889
1243927
1243933
1243939
1243943
1243951
1243961
1243967
1243969
1243997
1244003
1244021
1244027
1244029
1244039
1244041
1244053
1244057
1244059
1244083
1244099
1244141
1244143
1244149
1244153
1244167
1244183
1244197
1244203
1244233
1244249
1244261
1244263
1244279
1244293
1244333
1244357
1244359
1244363
1244381
1244393
1244401
1244423
1244429
1244437
1244447
1244459
1244471
1244479
1244483
1244501
1244521
1244531
1244533
1244543
1244567
1244591
1244603
1244609
1244611
1244627
1244629
1244647
1244687
1244699
1244713
1244729
1244741
1244753
1244759
1244777
1244797
1244813
1244819
1244821
1244833
1244839
1244857
1244863
1244879
1244909
1244911
1244923
1244953
1244987
1244989
1244993
1245001
1245017
1245019
1245037
1245067
1245091
1245103
1245113
1245121
1245137
1245149
1245169
1245187
1245191
1245217
1245227
1245281
1245331
1245353
1245379
1245397
1245401
1245421
1245449
1245451
1245479
1245509
1245527
1245529
1245551
1245557
1245589
1245613
1245617
1245619
1245623
1245649
1245683
1245689
1245691
1245701
1245707
1245719
1245721
1245763
1245767
1245779
1245781
1245791
1245799
1245817
1245833
1245847
1245863
1245877
1245883
1245917
1245929
1245943
1245953
1245961
1245971
1245973
1246013
1246033
1246057
1246061
1246073
1246081
1246093
1246099
1246103
1246181
1246187
1246199
1246207
1246213
1246241
1246243
1246247
1246249
1246261
1246283
1246303
1246307
1246313
1246319
1246327
1246331
1246339
1246351
1246361
1246363
1246367
1246369
1246373
1246379
1246387
1246397
1246429
1246433
1246451
1246459
1246471
1246477
1246481
1246489
1246499
1246501
1246513
1246517
1246529
1246537
1246543
1246561
1246573
1246579
1246589
1246591
1246601
1246631
1246639
1246667
1246673
1246697
1246703
1246711
1246733
1246747
1246757
1246781
1246823
1246829
1246841
1246867
1246879
1246891
1246907
1246919
1246943
1246961
1246963
1246997
1247009
1247017
1247033
1247053
1247063
1247089
1247101
1247107
1247117
1247119
1247167
1247177
1247189
1247209
1247231
1247243
1247263
1247269
1247291
1247297
1247303
1247317
1247321
1247327
1247329
1247371
1247383
1247401
1247417
1247419
1247429
1247447
1247453
1247459
1247479
1247501
1247509
1247527
1247549
1247557
1247563
1247569
1247581
1247591
1247599
1247611
1247621
1247627
1247641
1247651
1247663
1247693
1247699
1247737
1247759
1247761
1247767
1247777
1247797
1247801
1247833
1247837
1247861
1247867
1247879
1247881
1247893
1247923
1247947
1247951
1247959
1247969
1248001
1248007
1248011
1248017
1248019
1248031
1248041
1248059
1248061
1248083
1248101
1248103
1248113
1248119
1248151
1248193
1248199
1248209
1248211
1248217
1248229
1248239
1248241
1248253
1248271
1248323
1248329
1248337
1248341
1248347
1248349
1248353
1248383
1248391
1248407
1248413
1248427
1248449
1248451
1248469
1248493
1248503
1248529
1248539
1248551
1248553
1248563
1248571
1248589
1248593
1248631
1248641
1248671
1248673
1248691
1248697
1248703
1248721
1248757
1248781
1248799
1248809
1248829
1248833
1248847
1248857
1248859
1248869
1248881
1248893
1248917
1248941
1248953
1248977
1248979
1248991
1249013
1249019
1249033
1249037
1249043
1249049
1249057
1249063
1249091
1249099
1249111
1249121
1249133
1249139
1249141
1249151
1249159
1249163
1249187
1249201
1249217
1249243
1249247
1249273
1249301
1249319
1249321
1249333
1249343
1249361
1249363
1249373
1249397
1249403
1249411
1249427
1249433
1249477
1249481
1249487
1249489
1249499
1249511
1249519
1249531
1249559
1249603
1249621
1249627
1249631
1249643
1249657
1249669
1249681
1249691
1249693
1249727
1249733
1249739
1249741
1249747
1249757
1249799
1249811
1249817
1249819
1249837
1249841
1249847
1249849
1249861
1249873
1249901
1249921
1249939
1249943
1249999
1250003
1250009
1250021
1250023
1250057
1250069
1250083
1250087
1250099
1250107
1250141
1250147
1250149
1250173
1250177
1250189
1250201
1250203
1250237
1250243
1250273
1250281
1250297
1250309
1250351
1250357
1250407
1250413
1250437
1250443
1250449
1250453
1250461
1250471
1250479
1250497
1250507
1250519
1250521
1250527
1250551
1250593
1250609
1250611
1250629
1250647
1250653
1250677
1250701
1250737
1250749
1250761
1250771
1250773
1250779
1250783
1250801
1250813
1250831
1250839
1250863
1250867
1250917
1250923
1250929
1250939
1250969
1250971
1250981
1250983
1251011
1251037
1251043
1251053
1251071
1251083
1251097
1251101
1251109
1251121
1251157
1251161
1251179
1251227
1251247
1251259
1251287
1251301
1251307
1251317
1251323
1251329
1251409
1251427
1251431
1251433
1251461
1251463
1251527
1251529
1251533
1251571
1251577
1251581
1251583
1251641
1251661
1251667
1251671
1251697
1251703
1251707
1251713
1251721
1251743
1251787
1251791
1251797
1251827
1251841
1251851
1251857
1251869
1251871
1251881
1251907
1251911
1251919
1251923
1251937
1251947
1251953
1251961
1251983
1252021
1252037
1252049
1252057
1252063
1252073
1252079
1252103
1252109
1252123
1252129
1252151
1252159
1252177
1252187
1252193
1252201
1252211
1252217
1252219
1252247
1252259
1252267
1252283
1252331
1252343
1252357
1252399
1252403
1252411
1252421
1252429
1252439
1252451
1252457
1252469
1252483
1252507
1252523
1252579
1252609
1252631
1252639
1252661
1252663
1252681
1252711
1252717
1252721
1252729
1252739
1252751
1252777
1252799
1252817
1252819
1252843
1252873
1252877
1252897
1252903
1252913
1252921
1252943
1252957
1252963
1252987
1252991
1252997
1253011
1253023
1253027
1253047
1253059
1253071
1253089
1253093
1253099
1253111
1253137
1253167
1253171
1253249
1253251
1253261
1253279
1253323
1253327
1253333
1253347
1253377
1253381
1253401
1253437
1253453
1253471
1253479
1253513
1253519
1253521
1253557
1253587
1253591
1253599
1253621
1253627
1253683
1253689
1253701
1253717
1253723
1253729
1253737
1253741
1253761
1253783
1253803
1253831
1253839
1253849
1253851
1253887
1253897
1253909
1253911
1253947
1253951
1253953
1253963
1253969
1253999
1254013
1254017
1254023
1254031
1254037
1254049
1254053
1254059
1254061
1254079
1254091
1254109
1254119
1254131
1254137
1254151
1254157
1254161
1254179
1254193
1254203
1254217
1254241
1254251
1254257
1254269
1254293
1254301
1254317
1254329
1254367
1254371
1254373
1254377
1254427
1254433
1254467
1254469
1254479
1254497
1254503
1254523
1254527
1254529
1254541
1254553
1254557
1254577
1254593
1254607
1254613
1254619
1254623
1254637
1254647
1254653
1254661
1254667
1254683
1254689
1254731
1254733
1254739
1254751
1254761
1254767
1254791
1254793
1254823
1254833
1254839
1254863
1254899
1254907
1254941
1254959
1254971
1254983
1254997
1255013
1255021
1255039
1255049
1255063
1255069
1255081
1255103
1255109
1255117
1255123
1255129
1255139
1255147
1255153
1255157
1255169
1255181
1255183
1255187
1255201
1255211
1255237
1255249
1255253
1255259
1255279
1255301
1255307
1255313
1255321
1255333
1255337
1255357
1255361
1255367
1255391
1255393
1255421
1255427
1255451
1255453
1255477
1255519
1255549
1255559
1255567
1255591
1255601
1255609
1255619
1255633
1255651
1255663
1255679
1255687
1255693
1255721
1255747
1255757
1255759
1255799
1255801
1255811
1255829
1255831
1255847
1255861
1255907
1255913
1255927
1255931
1255939
1255949
1255963
1255967
1255993
1255997
1256009
1256023
1256029
1256041
1256063
1256107
1256149
1256161
1256197
1256201
1256209
1256231
1256243
1256267
1256279
1256303
1256323
1256347
1256369
1256383
1256389
1256393
1256407
1256429
1256449
1256477
1256531
1256533
1256543
1256573
1256579
1256587
1256597
1256611
1256617
1256621
1256659
1256681
1256687
1256693
1256707
1256711
1256729
1256737
1256747
1256753
1256777
1256797
1256809
1256813
1256819
1256821
1256837
1256863
1256867
1256873
1256887
1256891
1256897
1256903
1256911
1256917
1256923
1256939
1256953
1256989
1256993
1257013
1257017
1257029
1257041
1257043
1257049
1257071
1257073
1257077
1257079
1257089
1257103
1257119
1257131
1257163
1257199
1257209
1257229
1257233
1257239
1257241
1257247
1257251
1257253
1257281
1257293
1257307
1257313
1257317
1257323
1257331
1257359
1257397
1257409
1257437
1257457
1257461
1257463
1257491
1257493
1257499
1257517
1257521
1257547
1257559
1257563
1257569
1257587
1257589
1257611
1257647
1257653
1257689
1257691
1257713
1257719
1257721
1257749
1257787
1257827
1257829
1257853
1257859
1257869
1257877
1257911
1257931
1257953
1257959
1257961
1257973
1257989
1258001
1258013
1258027
1258039
1258079
1258087
1258097
1258099
1258109
1258133
1258139
1258141
1258151
1258163
1258171
1258177
1258181
1258183
1258207
1258211
1258217
1258219
1258241
1258267
1258291
1258297
1258303
1258319
1258337
1258343
1258349
1258373
1258403
1258409
1258417
1258421
1258423
1258429
1258441
1258451
1258457
1258469
1258471
1258483
1258487
1258511
1258531
1258559
1258589
1258597
1258601
1258627
1258637
1258639
1258643
1258657
1258661
1258667
1258681
1258709
1258711
1258717
1258723
1258753
1258771
1258781
1258783
1258787
1258811
1258819
1258837
1258847
1258871
1258877
1258889
1258903
1258927
1258931
1258937
1258967
1258973
1258993
1259017
1259029
1259033
1259039
1259047
1259051
1259053
1259057
1259077
1259081
1259087
1259099
1259107
1259113
1259123
1259129
1259143
1259171
1259179
1259191
1259213
1259231
1259243
1259249
1259287
1259299
1259317
1259329
1259371
1259389
1259393
1259413
1259429
1259477
1259509
1259527
1259537
1259539
1259543
1259551
1259563
1259569
1259593
1259603
1259627
1259639
1259653
1259659
1259663
1259669
1259677
1259689
1259701
1259737
1259743
1259749
1259759
1259767
1259777
1259803
1259821
1259851
1259873
1259899
1259903
1259927
1259939
1259953
1259977
1259983
1260011
1260019
1260031
1260047
1260059
1260067
1260113
1260121
1260131
1260143
1260157
1260163
1260167
1260169
1260191
1260223
1260269
1260277
1260283
1260293
1260317
1260319
1260323
1260341
1260359
1260361
1260383
1260401
1260419
1260437
1260439
1260461
1260473
1260481
1260487
1260509
1260541
1260547
1260551
1260569
1260577
1260583
1260599
1260629
1260641
1260643
1260661
1260673
1260691
1260713
1260719
1260731
1260733
1260751
1260757
1260767
1260769
1260797
1260799
1260827
1260829
1260841
1260851
1260877
1260881
1260887
1260893
1260899
1260901
1260911
1260971
1260979
1260989
1260991
1261033
1261069
1261079
1261081
1261109
1261121
1261133
1261157
1261171
1261177
1261199
1261217
1261223
1261259
1261261
1261279
1261289
1261301
1261313
1261321
1261327
1261333
1261357
1261363
1261373
1261387
1261411
1261427
1261459
1261487
1261489
1261523
1261531
1261549
1261567
1261571
1261627
1261639
1261643
1261649
1261697
1261699
1261717
1261721
1261739
1261747
1261759
1261763
1261769
1261789
1261801
1261823
1261829
1261831
1261837
1261861
1261889
1261891
1261901
1261913
1261933
1261943
1261963
1261969
1261973
1262011
1262017
1262057
1262071
1262081
1262083
1262087
1262099
1262101
1262119
1262143
1262147
1262203
1262207
1262221
1262231
1262237
1262269
1262281
1262291
1262293
1262299
1262311
1262321
1262363
1262377
1262411
1262419
1262441
1262453
1262461
1262479
1262483
1262491
1262509
1262519
1262543
1262557
1262563
1262581
1262587
1262617
1262621
1262623
1262629
1262633
1262669
1262671
1262693
1262711
1262713
1262717
1262731
1262741
1262753
1262771
1262783
1262819
1262839
1262851
1262869
1262881
1262887
1262893
1262897
1262903
1262917
1262927
1262929
1262939
1262941
1262957
1263007
1263047
1263071
1263077
1263079
1263103
1263107
1263109
1263113
1263121
1263133
1263173
1263179
1263181
1263187
1263191
1263193
1263209
1263239
1263247
1263259
1263263
1263299
1263307
1263319
1263323
1263331
1263337
1263341
1263347
1263373
1263377
1263391
1263403
1263461
1263463
1263473
1263487
1263499
1263503
1263511
1263539
1263541
1263547
1263569
1263583
1263599
1263607
1263629
1263631
1263659
1263667
1263677
1263697
1263701
1263751
1263761
1263767
1263793
1263799
1263803
1263817
1263853
1263863
1263887
1263917
1263929
1263931
1263943
1263947
1263949
1263953
1263961
1263973
1263979
1264009
1264027
1264033
1264037
1264049
1264061
1264063
1264129
1264177
1264189
1264199
1264213
1264231
1264259
1264261
1264267
1264271
1264301
1264303
1264331
1264337
1264363
1264387
1264411
1264447
1264451
1264499
1264537
1264541
1264559
1264561
1264573
1264577
1264597
1264607
1264643
1264649
1264651
1264657
1264663
1264667
1264687
1264699
1264733
1264741
1264763
1264787
1264801
1264807
1264819
1264829
1264853
1264859
1264867
1264873
1264877
1264883
1264889
1264897
1264903
1264909
1264933
1264969
1264979
1264981
1264997
1265029
1265041
1265051
1265053
1265063
1265081
1265083
1265087
1265093
1265101
1265111
1265113
1265119
1265129
1265167
1265177
1265179
1265197
1265233
1265249
1265273
1265279
1265281
1265311
1265321
1265333
1265347
1265353
1265377
1265387
1265393
1265431
1265443
1265449
1265461
1265471
1265477
1265479
1265503
1265519
1265521
1265527
1265549
1265557
1265573
1265581
1265597
1265603
1265611
1265617
1265623
1265639
1265653
1265657
1265681
1265729
1265741
1265777
1265779
1265801
1265813
1265827
1265843
1265857
1265861
1265863
1265867
1265899
1265903
1265909
1265911
1265921
1265923
1265941
1265959
1265969
1265977
1265981
1265987
1265993
1266019
1266043
1266047
1266059
1266073
1266077
1266079
1266091
1266101
1266107
1266113
1266149
1266157
1266163
1266191
1266197
1266229
1266241
1266247
1266259
1266263
1266269
1266271
1266277
1266281
1266301
1266323
1266337
1266341
1266359
1266371
1266373
1266379
1266389
1266409
1266413
1266431
1266451
1266469
1266487
1266491
1266493
1266511
1266523
1266527
1266539
1266557
1266563
1266583
1266589
1266593
1266611
1266631
1266677
1266719
1266731
1266743
1266751
1266757
1266761
1266763
1266767
1266779
1266781
1266799
1266841
1266847
1266851
1266869
1266883
1266893
1266899
1266913
1266919
1266929
1266931
1266943
1266949
1266953
1267009
1267043
1267051
1267067
1267103
1267109
1267117
1267121
1267127
1267151
1267157
1267159
1267183
1267193
1267199
1267223
1267237
1267291
1267297
1267303
1267307
1267349
1267381
1267403
1267411
1267429
1267447
1267451
1267459
1267463
1267481
1267501
1267517
1267529
1267531
1267549
1267577
1267579
1267589
1267613
1267633
1267649
1267663
1267681
1267709
1267711
1267723
1267727
1267757
1267771
1267787
1267789
1267823
1267831
1267837
1267859
1267873
1267883
1267891
1267897
1267907
1267933
1267939
1267943
1267951
1267957
1267961
1267999
1268011
1268017
1268039
1268051
1268053
1268077
1268093
1268119
1268143
1268147
1268167
1268173
1268177
1268207
1268213
1268221
1268233
1268261
1268279
1268287
1268291
1268299
1268327
1268341
1268357
1268359
1268369
1268413
1268419
1268429
1268447
1268453
1268461
1268467
1268479
1268537
1268549
1268563
1268567
1268593
1268599
1268621
1268623
1268627
1268633
1268669
1268681
1268713
1268731
1268741
1268747
1268753
1268759
1268777
1268783
1268789
1268791
1268797
1268803
1268807
1268843
1268849
1268867
1268881
1268899
1268921
1268929
1268947
1268963
1269001
1269007
1269013
1269017
1269041
1269043
1269049
1269061
1269077
1269091
1269113
1269119
1269131
1269167
1269173
1269179
1269187
1269193
1269197
1269221
1269223
1269239
1269241
1269253
1269263
1269283
1269287
1269299
1269311
1269337
1269343
1269377
1269379
1269383
1269391
1269413
1269427
1269461
1269467
1269493
1269497
1269529
1269547
1269559
1269563
1269571
1269589
1269601
1269641
1269643
1269683
1269691
1269703
1269731
1269733
1269743
1269757
1269797
1269847
1269859
1269869
1269871
1269901
1269907
1269911
1269923
1269929
1269937
1269953
1269971
1270001
1270013
1270033
1270051
1270063
1270067
1270079
1270097
1270103
1270111
1270123
1270141
1270147
1270151
1270183
1270193
1270201
1270231
1270237
1270249
1270271
1270279
1270301
1270309
1270319
1270327
1270333
1270337
1270343
1270361
1270391
1270417
1270421
1270429
1270433
1270441
1270471
1270483
1270499
1270513
1270531
1270537
1270541
1270547
1270559
1270561
1270567
1270571
1270573
1270579
1270609
1270627
1270639
1270649
1270651
1270657
1270667
1270669
1270679
1270747
1270757
1270771
1270817
1270823
1270849
1270859
1270861
1270879
1270897
1270901
1270909
1270933
1270943
1270961
1270981
1271027
1271029
1271033
1271047
1271051
1271059
1271069
1271087
1271089
1271111
1271117
1271129
1271147
1271161
1271167
1271173
1271183
1271197
1271201
1271203
1271213
1271227
1271239
1271251
1271293
1271299
1271317
1271321
1271339
1271351
1271353
1271359
1271383
1271393
1271399
1271401
1271419
1271429
1271449
1271471
1271483
1271503
1271507
1271513
1271521
1271531
1271551
1271561
1271597
1271603
1271609
1271657
1271659
1271671
1271687
1271701
1271717
1271731
1271747
1271749
1271791
1271797
1271807
1271813
1271827
1271833
1271839
1271843
1271849
1271903
1271927
1271929
1271939
1271953
1271971
1271987
1271999
1272001
1272043
1272049
1272067
1272071
1272079
1272091
1272109
1272113
1272133
1272151
1272157
1272163
1272169
1272191
1272203
1272211
1272223
1272233
1272247
1272253
1272269
1272281
1272283
1272287
1272289
1272329
1272343
1272347
1272361
1272367
1272377
1272379
1272409
1272421
1272443
1272451
1272461
1272539
1272547
1272559
1272577
1272589
1272617
1272629
1272631
1272641
1272647
1272653
1272673
1272679
1272749
1272811
1272827
1272833
1272847
1272851
1272857
1272863
1272881
1272883
1272893
1272899
1272913
1272917
1272919
1272937
1272941
1272961
1272983
1272989
1272991
1273001
1273021
1273033
1273037
1273039
1273087
1273099
1273109
1273117
1273121
1273127
1273157
1273159
1273199
1273213
1273231
1273241
1273267
1273289
1273291
1273301
1273309
1273313
1273331
1273333
1273343
1273367
1273381
1273403
1273409
1273411
1273417
1273421
1273423
1273457
1273463
1273471
1273483
1273499
1273507
1273541
1273543
1273549
1273561
1273567
1273609
1273637
1273639
1273663
1273673
1273681
1273687
1273693
1273721
1273729
1273733
1273739
1273757
1273771
1273781
1273787
1273823
1273843
1273879
1273889
1273891
1273903
1273907
1273919
1273933
1273939
1273957
1273981
1274011
1274017
1274041
1274051
1274071
1274087
1274089
1274111
1274113
1274129
1274137
1274149
1274183
1274209
1274227
1274249
1274267
1274291
1274293
1274297
1274309
1274323
1274333
1274353
1274363
1274381
1274389
1274401
1274411
1274423
1274437
1274461
1274509
1274549
1274557
1274561
1274599
1274617
1274621
1274629
1274633
1274671
1274701
1274719
1274723
1274737
1274759
1274771
1274773
1274803
1274851
1274857
1274873
1274879
1274899
1274921
1274929
1274939
1274941
1274989
1275011
1275019
1275041
1275067
1275107
1275121
1275133
1275173
1275179
1275193
1275199
1275203
1275227
1275269
1275277
1275283
1275293
1275319
1275341
1275349
1275359
1275361
1275401
1275437
1275457
1275467
1275499
1275503
1275523
1275539
1275541
1275553
1275559
1275563
1275569
1275583
1275601
1275611
1275643
1275661
1275667
1275683
1275691
1275707
1275709
1275719
1275737
1275749
1275751
1275779
1275803
1275817
1275823
1275829
1275839
1275847
1275851
1275863
1275877
1275889
1275893
1275899
1275931
1275947
1275973
1275977
1275979
1276001
1276007
1276013
1276027
1276031
1276039
1276049
1276057
1276069
1276103
1276117
1276123
1276129
1276133
1276147
1276157
1276169
1276183
1276193
1276213
1276237
1276243
1276271
1276279
1276307
1276313
1276351
1276357
1276361
1276397
1276409
1276433
1276441
1276447
1276481
1276501
1276511
1276529
1276543
1276571
1276579
1276589
1276603
1276619
1276621
1276631
1276637
1276657
1276679
1276687
1276711
1276721
1276733
1276739
1276747
1276763
1276771
1276777
1276817
1276829
1276861
1276867
1276871
1276889
1276897
1276903
1276927
1276949
1276967
1276969
1276973
1276987
1276999
1277011
1277021
1277039
1277041
1277063
1277069
1277071
1277083
1277093
1277099
1277113
1277137
1277147
1277197
1277207
1277209
1277233
1277249
1277257
1277267
1277299
1277321
1277323
1277357
1277359
1277369
1277387
1277429
1277449
1277461
1277477
1277483
1277491
1277501
1277543
1277557
1277569
1277593
1277597
1277621
1277629
1277651
1277657
1277677
1277699
1277723
1277729
1277741
1277743
1277753
1277761
1277791
1277803
1277813
1277819
1277833
1277849
1277863
1277867
1277879
1277897
1277909
1277911
1277957
1277971
1277993
1278007
1278029
1278031
1278047
1278097
1278107
1278113
1278131
1278139
1278163
1278181
1278191
1278197
1278203
1278209
1278217
1278227
1278253
1278287
1278289
1278323
1278337
1278341
1278371
1278373
1278379
1278391
1278397
1278401
1278419
1278437
1278439
1278463
1278467
1278479
1278481
1278493
1278527
1278551
1278583
1278601
1278611
1278617
1278619
1278623
1278631
1278637
1278659
1278671
1278701
1278709
1278713
1278721
1278733
1278769
1278779
1278787
1278799
1278803
1278811
1278817
1278839
1278857
1278881
1278899
1278911
1278983
1278997
1279001
1279013
1279021
1279027
1279039
1279043
1279081
1279087
1279093
1279111
1279123
1279133
1279141
1279163
1279171
1279177
1279181
1279183
1279189
1279193
1279211
1279249
1279253
1279303
1279307
1279309
1279319
1279321
1279337
1279357
1279361
1279417
1279427
1279457
1279459
1279483
1279493
1279507
1279511
1279519
1279541
1279547
1279549
1279561
1279583
1279601
1279609
1279627
1279643
1279657
1279661
1279667
1279673
1279679
1279687
1279693
1279703
1279727
1279753
1279757
1279787
1279801
1279807
1279813
1279819
1279823
1279843
1279847
1279853
1279871
1279877
1279907
1279919
1279921
1279931
1279937
1279961
1279969
1279997
1280023
1280101
1280107
1280113
1280119
1280129
1280131
1280141
1280159
1280161
1280173
1280179
1280183
1280221
1280231
1280267
1280281
1280291
1280297
1280309
1280317
1280333
1280371
1280399
1280401
1280407
1280417
1280431
1280453
1280473
1280519
1280537
1280549
1280561
1280567
1280597
1280603
1280623
1280633
1280651
1280659
1280677
1280693
1280707
1280737
1280743
1280759
1280761
1280767
1280789
1280791
1280803
1280821
1280833
1280837
1280857
1280863
1280869
1280887
1280921
1280947
1280969
1280987
1280989
1281029
1281041
1281043
1281047
1281083
1281089
1281097
1281101
1281131
1281149
1281157
1281167
1281187
1281193
1281211
1281221
1281229
1281253
1281257
1281263
1281281
1281283
1281317
1281331
1281349
1281367
1281383
1281389
1281407
1281431
1281433
1281439
1281451
1281457
1281463
1281503
1281521
1281523
1281541
1281547
1281551
1281563
1281587
1281649
1281653
1281667
1281673
1281677
1281691
1281697
1281703
1281727
1281739
1281751
1281773
1281779
1281781
1281799
1281803
1281809
1281821
1281823
1281827
1281853
1281871
1281883
1281899
1281937
1281941
1281961
1281971
1281979
1281983
1282007
1282009
1282031
1282033
1282051
1282069
1282079
1282081
1282093
1282109
1282117
1282121
1282133
1282153
1282163
1282187
1282201
1282213
1282231
1282241
1282261
1282277
1282279
1282289
1282297
1282343
1282349
1282363
1282381
1282387
1282399
1282417
1282423
1282427
1282451
1282469
1282471
1282493
1282499
1282507
1282511
1282513
1282517
1282529
1282543
1282571
1282577
1282597
1282607
1282613
1282627
1282637
1282639
1282649
1282657
1282661
1282681
1282693
1282703
1282717
1282739
1282751
1282763
1282781
1282783
1282807
1282817
1282867
1282877
1282903
1282907
1282909
1282913
1282933
1282943
1282951
1282961
1282969
1282993
1283011
1283017
1283021
1283027
1283063
1283069
1283083
1283099
1283111
1283119
1283129
1283137
1283159
1283167
1283171
1283173
1283179
1283207
1283237
1283297
1283323
1283333
1283339
1283353
1283383
1283389
1283417
1283437
1283441
1283473
1283479
1283509
1283521
1283537
1283539
1283543
1283549
1283563
1283573
1283591
1283603
1283677
1283683
1283701
1283707
1283717
1283719
1283731
1283753
1283759
1283767
1283771
1283797
1283831
1283839
1283873
1283879
1283881
1283897
1283903
1283939
1283941
1283957
1283969
1283981
1283983
1284007
1284037
1284043
1284047
1284053
1284083
1284131
1284169
1284187
1284209
1284211
1284223
1284263
1284271
1284287
1284293
1284301
1284313
1284317
1284329
1284341
1284373
1284379
1284383
1284421
1284427
1284433
1284443
1284467
1284473
1284487
1284511
1284523
1284541
1284551
1284553
1284559
1284583
1284601
1284617
1284623
1284631
1284641
1284659
1284691
1284709
1284713
1284737
1284739
1284763
1284769
1284791
1284793
1284823
1284841
1284847
1284851
1284863
1284889
1284901
1284917
1284931
1284937
1284967
1284971
1284977
1284991
1285021
1285049
1285051
1285057
1285061
1285069
1285099
1285111
1285117
1285129
1285139
1285147
1285159
1285169
1285181
1285199
1285213
1285223
1285231
1285237
1285247
1285259
1285267
1285279
1285283
1285289
1285301
1285351
1285381
1285393
1285397
1285411
1285429
1285441
1285451
1285469
1285481
1285507
1285511
1285513
1285517
1285519
1285547
1285549
1285553
1285607
1285619
1285633
1285649
1285679
1285699
1285703
1285717
1285741
1285747
1285759
1285763
1285777
1285789
1285793
1285799
1285811
1285813
1285841
1285847
1285853
1285859
1285871
1285877
1285891
1285903
1285913
1285937
1285943
1285969
1285981
1285993
1286011
1286017
1286039
1286071
1286081
1286093
1286099
1286107
1286119
1286147
1286149
1286177
1286189
1286191
1286209
1286227
1286239
1286261
1286267
1286269
1286273
1286287
1286303
1286323
1286359
1286371
1286381
1286387
1286399
1286419
1286447
1286489
1286491
1286503
1286513
1286521
1286533
1286557
1286561
1286569
1286581
1286587
1286617
1286629
1286633
1286641
1286647
1286653
1286657
1286669
1286683
1286693
1286707
1286711
1286773
1286777
1286783
1286797
1286807
1286819
1286821
1286833
1286837
1286839
1286843
1286881
1286939
1286941
1286953
1286959
1286969
1286981
1286983
1287007
1287047
1287059
1287061
1287067
1287071
1287101
1287109
1287131
1287133
1287157
1287163
1287173
1287179
1287197
1287199
1287217
1287233
1287239
1287289
1287323
1287329
1287343
1287347
1287353
1287361
1287371
1287373
1287401
1287431
1287457
1287467
1287469
1287479
1287487
1287491
1287499
1287511
1287541
1287551
1287553
1287569
1287589
1287593
1287607
1287613
1287623
1287661
1287683
1287691
1287697
1287707
1287731
1287739
1287743
1287749
1287751
1287757
1287761
1287787
1287799
1287817
1287821
1287829
1287841
1287857
1287883
1287887
1287899
1287917
1287947
1287961
1287967
1287973
1287983
1287989
1287997
1288003
1288009
1288013
1288033
1288037
1288043
1288051
1288057
1288061
1288099
1288103
1288109
1288117
1288163
1288169
1288171
1288187
1288193
1288201
1288213
1288247
1288249
1288291
1288307
1288337
1288349
1288361
1288363
1288367
1288393
1288421
1288423
1288429
1288439
1288487
1288513
1288519
1288531
1288541
1288543
1288559
1288571
1288597
1288603
1288607
1288613
1288643
1288649
1288657
1288691
1288697
1288699
1288709
1288711
1288733
1288769
1288783
1288799
1288817
1288823
1288829
1288831
1288843
1288849
1288853
1288871
1288873
1288877
1288891
1288919
1288921
1288933
1288939
1288951
1288967
1288981
1288993
1288997
1289003
1289009
1289027
1289039
1289053
1289077
1289083
1289111
1289129
1289149
1289153
1289159
1289179
1289213
1289231
1289237
1289261
1289273
1289287
1289303
1289329
1289333
1289341
1289363
1289371
1289381
1289401
1289411
1289423
1289429
1289447
1289459
1289513
1289531
1289537
1289551
1289557
1289567
1289593
1289597
1289599
1289621
1289623
1289627
1289653
1289657
1289677
1289711
1289713
1289731
1289747
1289749
1289753
1289779
1289789
1289801
1289803
1289831
1289839
1289851
1289867
1289881
1289921
1289927
1289933
1289963
1289969
1289971
1290013
1290019
1290031
1290049
1290077
1290083
1290109
1290131
1290143
1290151
1290161
1290167
1290169
1290173
1290199
1290203
1290209
1290257
1290259
1290287
1290293
1290299
1290319
1290329
1290371
1290379
1290427
1290431
1290433
1290439
1290463
1290467
1290469
1290491
1290503
1290533
1290539
1290551
1290563
1290571
1290581
1290593
1290607
1290629
1290631
1290637
1290643
1290649
1290659
1290673
1290683
1290719
1290791
1290811
1290823
1290847
1290853
1290857
1290869
1290901
1290907
1290923
1290937
1290983
1291001
1291007
1291009
1291019
1291021
1291063
1291079
1291111
1291117
1291139
1291153
1291159
1291163
1291177
1291193
1291211
1291217
1291219
1291223
1291229
1291249
1291271
1291313
1291321
1291327
1291343
1291349
1291357
1291369
1291379
1291387
1291391
1291421
1291447
1291453
1291471
1291481
1291483
1291489
1291501
1291523
1291547
1291567
1291579
1291603
1291637
1291669
1291673
1291691
1291783
1291793
1291799
1291817
1291819
1291831
1291861
1291877
1291883
1291907
1291909
1291931
1291957
1291963
1291967
1291991
1291999
1292009
1292023
1292029
1292063
1292069
1292089
1292099
1292113
1292131
1292141
1292143
1292149
1292167
1292177
1292219
1292237
1292243
1292251
1292257
1292261
1292281
1292293
1292309
1292329
1292339
1292353
1292371
1292383
1292387
1292419
1292429
1292441
1292477
1292491
1292503
1292509
1292539
1292549
1292563
1292567
1292579
1292587
1292591
1292593
1292597
1292609
1292633
1292639
1292653
1292657
1292659
1292693
1292701
1292713
1292717
1292729
1292737
1292783
1292789
1292801
1292813
1292831
1292843
1292857
1292887
1292927
1292947
1292953
1292957
1292971
1292983
1292989
1292999
1293001
1293011
1293031
1293077
1293119
1293133
1293137
1293157
1293169
1293179
1293199
1293203
1293233
1293239
1293247
1293251
1293277
1293283
1293287
1293307
1293317
1293319
1293323
1293329
1293361
1293367
1293373
1293401
1293419
1293421
1293433
1293473
1293491
1293493
1293499
1293529
1293533
1293541
1293553
1293559
1293583
1293587
1293613
1293619
1293647
1293659
1293701
1293739
1293757
1293763
1293791
1293797
1293821
1293829
1293839
1293841
1293857
1293869
1293899
