1800017
1800037
1800047
1800067
1800083
1800091
1800103
1800119
1800121
1800137
1800157
1800167
1800179
1800191
1800199
1800209
1800221
1800257
1800259
1800277
1800301
1800311
1800313
1800341
1800343
1800361
1800377
1800389
1800397
1800401
1800413
1800431
1800451
1800473
1800493
1800499
1800529
1800541
1800551
1800553
1800563
1800577
1800593
1800599
1800613
1800619
1800637
1800641
1800677
1800707
1800709
1800713
1800719
1800727
1800731
1800767
1800787
1800803
1800809
1800811
1800823
1800829
1800833
1800853
1800859
1800863
1800889
1800907
1800913
1800937
1800949
1800959
1800961
1800973
1800979
1801003
1801013
1801021
1801039
1801073
1801091
1801109
1801117
1801187
1801207
1801213
1801223
1801229
1801237
1801259
1801273
1801297
1801309
1801339
1801357
1801361
1801363
1801403
1801411
1801433
1801453
1801469
1801477
1801489
1801517
1801529
1801531
1801549
1801577
1801589
1801601
1801619
1801669
1801673
1801691
1801717
1801727
1801733
1801747
1801759
1801769
1801771
1801777
1801781
1801817
1801819
1801823
1801853
1801867
1801871
1801873
1801897
1801901
1801907
1801913
1801927
1801931
1801967
1801997
1802029
1802039
1802057
1802077
1802081
1802083
1802107
1802113
1802117
1802137
1802149
1802189
1802197
1802219
1802231
1802239
1802261
1802267
1802279
1802287
1802293
1802327
1802347
1802363
1802393
1802407
1802419
1802491
1802503
1802513
1802519
1802531
1802597
1802599
1802609
1802621
1802641
1802651
1802653
1802657
1802659
1802683
1802687
1802693
1802699
1802707
1802711
1802719
1802737
1802753
1802791
1802797
1802803
1802821
1802837
1802839
1802897
1802909
1802923
1802989
1803001
1803023
1803029
1803031
1803059
1803077
1803079
1803089
1803097
1803101
1803103
1803127
1803149
1803163
1803167
1803169
1803203
1803209
1803211
1803227
1803251
1803253
1803259
1803293
1803299
1803317
1803323
1803337
1803349
1803353
1803371
1803379
1803383
1803419
1803421
1803449
1803457
1803469
1803493
1803497
1803509
1803511
1803517
1803523
1803533
1803541
1803551
1803553
1803563
1803569
1803577
1803583
1803629
1803647
1803667
1803671
1803677
1803679
1803691
1803701
1803743
1803761
1803799
1803811
1803817
1803863
1803881
1803889
1803947
1803973
1804007
1804013
1804037
1804063
1804073
1804079
1804093
1804129
1804133
1804139
1804199
1804207
1804213
1804219
1804249
1804267
1804273
1804303
1804307
1804321
1804349
1804381
1804391
1804399
1804403
1804421
1804433
1804447
1804459
1804463
1804469
1804477
1804489
1804493
1804501
1804507
1804513
1804529
1804547
1804549
1804559
1804577
1804609
1804613
1804619
1804631
1804643
1804657
1804687
1804709
1804711
1804763
1804793
1804799
1804801
1804813
1804819
1804841
1804871
1804919
1804921
1804927
1804937
1804939
1804951
1804961
1804963
1804973
1804991
1804993
1804997
1805003
1805039
1805053
1805059
1805081
1805087
1805093
1805117
1805123
1805137
1805143
1805147
1805203
1805227
1805231
1805239
1805261
1805263
1805299
1805303
1805327
1805357
1805359
1805369
1805371
1805381
1805393
1805413
1805473
1805483
1805491
1805497
1805501
1805521
1805537
1805549
1805561
1805579
1805581
1805591
1805593
1805597
1805603
1805633
1805641
1805651
1805653
1805663
1805677
1805701
1805729
1805747
1805761
1805767
1805773
1805789
1805819
1805821
1805827
1805833
1805857
1805863
1805873
1805879
1805887
1805897
1805911
1805941
1805963
1805989
1806001
1806011
1806017
1806023
1806031
1806041
1806059
1806061
1806089
1806107
1806113
1806137
1806143
1806151
1806191
1806193
1806209
1806221
1806223
1806227
1806241
1806247
1806251
1806263
1806269
1806281
1806313
1806331
1806341
1806347
1806353
1806361
1806373
1806379
1806383
1806407
1806421
1806461
1806479
1806487
1806491
1806499
1806503
1806509
1806527
1806533
1806551
1806557
1806569
1806589
1806617
1806631
1806643
1806683
1806689
1806697
1806703
1806713
1806733
1806769
1806781
1806797
1806803
1806839
1806841
1806859
1806863
1806869
1806877
1806887
1806899
1806901
1806941
1806943
1806953
1806971
1806977
1807027
1807037
1807061
1807063
1807067
1807093
1807097
1807121
1807129
1807153
1807171
1807177
1807187
1807189
1807199
1807213
1807231
1807237
1807243
1807249
1807277
1807297
1807301
1807313
1807327
1807357
1807361
1807387
1807391
1807397
1807439
1807453
1807469
1807493
1807499
1807511
1807513
1807537
1807543
1807549
1807571
1807577
1807607
1807609
1807633
1807643
1807691
1807693
1807697
1807711
1807723
1807733
1807759
1807769
1807781
1807807
1807811
1807829
1807837
1807853
1807867
1807891
1807903
1807909
1807913
1807921
1807943
1807957
1807963
1807969
1807987
1807997
1807999
1808003
1808017
1808029
1808033
1808039
1808041
1808071
1808077
1808083
1808089
1808117
1808119
1808161
1808167
1808207
1808243
1808269
1808281
1808293
1808297
1808309
1808327
1808377
1808399
1808431
1808453
1808459
1808479
1808489
1808491
1808497
1808501
1808507
1808539
1808549
1808557
1808561
1808567
1808581
1808617
1808627
1808669
1808683
1808687
1808699
1808707
1808713
1808761
1808767
1808773
1808801
1808803
1808813
1808831
1808839
1808843
1808869
1808887
1808921
1808923
1808951
1808959
1808969
1808977
1808981
1808993
1809029
1809079
1809083
1809091
1809097
1809113
1809121
1809133
1809149
1809163
1809167
1809169
1809173
1809193
1809209
1809211
1809217
1809221
1809229
1809233
1809271
1809277
1809287
1809299
1809319
1809323
1809331
1809349
1809373
1809383
1809391
1809403
1809413
1809419
1809421
1809449
1809461
1809481
1809487
1809491
1809517
1809523
1809527
1809529
1809539
1809551
1809553
1809557
1809581
1809583
1809601
1809631
1809671
1809673
1809683
1809751
1809757
1809763
1809767
1809793
1809799
1809823
1809833
1809851
1809853
1809859
1809881
1809887
1809901
1809911
1809917
1809937
1809949
1809953
1809967
1809971
1809979
1809991
1810001
1810013
1810033
1810043
1810057
1810063
1810069
1810087
1810097
1810129
1810153
1810199
1810213
1810217
1810219
1810241
1810243
1810247
1810253
1810271
1810283
1810309
1810337
1810357
1810363
1810397
1810409
1810421
1810423
1810433
1810439
1810451
1810469
1810477
1810481
1810507
1810511
1810531
1810553
1810561
1810573
1810577
1810579
1810597
1810603
1810607
1810609
1810649
1810667
1810693
1810709
1810723
1810733
1810747
1810751
1810771
1810799
1810819
1810867
1810877
1810889
1810931
1810933
1810937
1810967
1810969
1810973
1810979
1810981
1810999
1811041
1811053
1811059
1811071
1811081
1811083
1811107
1811119
1811141
1811167
1811179
1811209
1811219
1811287
1811291
1811297
1811321
1811323
1811347
1811353
1811357
1811371
1811377
1811387
1811389
1811413
1811431
1811443
1811473
1811489
1811507
1811519
1811527
1811533
1811539
1811561
1811567
1811569
1811603
1811627
1811647
1811651
1811657
1811681
1811683
1811723
1811731
1811737
1811743
1811759
1811767
1811791
1811819
1811827
1811837
1811851
1811867
1811893
1811899
1811903
1811923
1811939
1811959
1811983
1811987
1811993
1812037
1812053
1812059
1812061
1812073
1812089
1812091
1812103
1812121
1812131
1812137
1812157
1812199
1812227
1812233
1812263
1812269
1812271
1812301
1812311
1812341
1812347
1812359
1812361
1812379
1812383
1812401
1812403
1812409
1812431
1812439
1812443
1812449
1812457
1812509
1812511
1812527
1812541
1812553
1812563
1812571
1812589
1812611
1812623
1812661
1812673
1812677
1812683
1812689
1812721
1812749
1812763
1812773
1812793
1812817
1812821
1812823
1812827
1812851
1812869
1812871
1812907
1812917
1812947
1812949
1812959
1812983
1812989
1813001
1813003
1813039
1813073
1813081
1813121
1813139
1813157
1813177
1813211
1813219
1813223
1813277
1813291
1813313
1813319
1813321
1813327
1813337
1813351
1813367
1813369
1813387
1813391
1813421
1813429
1813447
1813459
1813477
1813499
1813517
1813523
1813547
1813561
1813579
1813583
1813597
1813613
1813627
1813639
1813667
1813673
1813681
1813699
1813729
1813739
1813741
1813751
1813789
1813793
1813813
1813817
1813829
1813843
1813853
1813897
1813901
1813913
1813937
1813939
1813943
1813961
1813969
1813991
1813993
1814003
1814011
1814023
1814039
1814047
1814051
1814069
1814083
1814107
1814117
1814119
1814129
1814143
1814161
1814167
1814179
1814233
1814237
1814261
1814279
1814311
1814339
1814347
1814357
1814363
1814377
1814381
1814383
1814413
1814429
1814431
1814453
1814459
1814467
1814473
1814507
1814509
1814531
1814543
1814569
1814573
1814581
1814599
1814609
1814611
1814639
1814641
1814651
1814653
1814669
1814693
1814713
1814719
1814737
1814749
1814753
1814759
1814777
1814803
1814807
1814809
1814819
1814821
1814843
1814851
1814909
1814921
1814927
1814929
1814951
1814983
1814993
1815001
1815007
1815043
1815053
1815061
1815083
1815101
1815103
1815131
1815179
1815199
1815217
1815221
1815223
1815251
1815259
1815269
1815271
1815287
1815301
1815323
1815337
1815343
1815347
1815349
1815353
1815361
1815377
1815383
1815389
1815397
1815403
1815427
1815449
1815461
1815467
1815491
1815497
1815509
1815523
1815533
1815547
1815557
1815559
1815587
1815599
1815629
1815631
1815637
1815647
1815673
1815691
1815703
1815707
1815731
1815733
1815739
1815799
1815809
1815817
1815823
1815839
1815841
1815859
1815871
1815881
1815883
1815899
1815907
1815911
1815917
1815941
1815943
1815959
1815977
1816007
1816027
1816051
1816063
1816069
1816091
1816099
1816117
1816121
1816141
1816147
1816159
1816187
1816189
1816193
1816207
1816211
1816237
1816247
1816253
1816261
1816271
1816279
1816301
1816337
1816387
1816403
1816411
1816421
1816429
1816439
1816453
1816489
1816511
1816523
1816543
1816553
1816559
1816567
1816583
1816613
1816627
1816643
1816651
1816679
1816699
1816729
1816769
1816777
1816783
1816813
1816831
1816849
1816853
1816861
1816901
1816933
1816949
1816957
1816963
1816979
1816987
1817009
1817041
1817063
1817077
1817083
1817087
1817093
1817099
1817131
1817149
1817159
1817177
1817197
1817213
1817261
1817267
1817269
1817273
1817279
1817281
1817303
1817311
1817327
1817341
1817383
1817393
1817399
1817411
1817447
1817449
1817471
1817507
1817513
1817533
1817539
1817549
1817581
1817603
1817611
1817663
1817677
1817687
1817689
1817701
1817707
1817737
1817771
1817779
1817791
1817801
1817821
1817833
1817839
1817843
1817873
1817891
1817909
1817947
1817969
1817987
1817999
1818013
1818017
1818023
1818049
1818067
1818077
1818079
1818107
1818109
1818151
1818161
1818163
1818199
1818209
1818221
1818233
1818241
1818277
1818293
1818307
1818317
1818331
1818347
1818353
1818373
1818379
1818407
1818409
1818413
1818419
1818431
1818437
1818451
1818457
1818469
1818499
1818521
1818527
1818529
1818533
1818539
1818559
1818569
1818577
1818611
1818617
1818631
1818647
1818667
1818689
1818703
1818721
1818727
1818743
1818769
1818781
1818787
1818799
1818833
1818871
1818919
1818923
1818931
1818937
1818977
1818979
1818989
1818991
1819007
1819043
1819057
1819061
1819063
1819067
1819109
1819123
1819151
1819157
1819183
1819189
1819217
1819261
1819271
1819273
1819283
1819333
1819339
1819343
1819361
1819381
1819387
1819393
1819397
1819409
1819423
1819471
1819481
1819487
1819513
1819523
1819541
1819577
1819583
1819591
1819603
1819637
1819651
1819667
1819679
1819693
1819709
1819711
1819723
1819729
1819739
1819747
1819751
1819757
1819759
1819781
1819819
1819841
1819843
1819847
1819849
1819871
1819879
1819891
1819913
1819931
1819933
1819957
1819999
1820009
1820023
1820033
1820047
1820051
1820087
1820089
1820111
1820123
1820129
1820153
1820171
1820201
1820213
1820237
1820249
1820261
1820267
1820279
1820281
1820293
1820303
1820311
1820339
1820341
1820347
1820353
1820387
1820389
1820407
1820419
1820431
1820449
1820461
1820471
1820501
1820509
1820521
1820527
1820549
1820551
1820557
1820573
1820579
1820597
1820617
1820629
1820633
1820641
1820647
1820669
1820671
1820677
1820699
1820701
1820711
1820737
1820743
1820747
1820759
1820773
1820783
1820809
1820813
1820821
1820837
1820843
1820857
1820869
1820891
1820899
1820927
1820947
1820957
1820969
1820977
1820983
1820999
1821013
1821019
1821037
1821067
1821101
1821107
1821121
1821137
1821139
1821151
1821167
1821181
1821191
1821233
1821257
1821263
1821289
1821311
1821319
1821331
1821353
1821371
1821373
1821377
1821401
1821409
1821427
1821433
1821481
1821487
1821497
1821509
1821541
1821551
1821553
1821571
1821583
1821613
1821641
1821649
1821679
1821691
1821707
1821709
1821713
1821731
1821733
1821749
1821763
1821779
1821791
1821821
1821847
1821857
1821871
1821877
1821893
1821913
1821923
1821943
1821959
1821997
1822003
1822013
1822019
1822021
1822027
1822063
1822091
1822109
1822123
1822147
1822169
1822181
1822187
1822189
1822207
1822217
1822229
1822241
1822259
1822277
1822307
1822319
1822321
1822367
1822391
1822393
1822411
1822427
1822439
1822441
1822463
1822477
1822481
1822487
1822493
1822501
1822517
1822529
1822547
1822549
1822559
1822571
1822633
1822637
1822649
1822661
1822663
1822669
1822673
1822693
1822703
1822781
1822787
1822811
1822823
1822837
1822867
1822871
1822903
1822907
1822939
1822943
1822963
1822967
1822981
1822999
1823009
1823011
1823021
1823033
1823047
1823051
1823053
1823057
1823077
1823093
1823099
1823117
1823119
1823123
1823149
1823153
1823179
1823189
1823191
1823197
1823207
1823219
1823231
1823257
1823281
1823287
1823291
1823293
1823303
1823357
1823377
1823383
1823401
1823407
1823413
1823429
1823431
1823443
1823447
1823483
1823489
1823531
1823533
1823537
1823543
1823567
1823579
1823581
1823599
1823603
1823609
1823617
1823621
1823659
1823663
1823669
1823671
1823681
1823683
1823687
1823713
1823719
1823729
1823737
1823771
1823779
1823797
1823813
1823827
1823837
1823849
1823863
1823903
1823911
1823953
1823957
1823963
1823993
1823999
1824001
1824007
1824037
1824041
1824047
1824073
1824077
1824113
1824139
1824143
1824167
1824169
1824227
1824239
1824259
1824269
1824271
1824281
1824289
1824307
1824331
1824341
1824349
1824353
1824367
1824371
1824373
1824379
1824391
1824397
1824401
1824409
1824421
1824451
1824461
1824463
1824467
1824479
1824481
1824499
1824523
1824539
1824577
1824583
1824601
1824607
1824617
1824649
1824673
1824677
1824679
1824689
1824701
1824707
1824721
1824727
1824731
1824743
1824749
1824761
1824773
1824827
1824829
1824839
1824841
1824847
1824857
1824859
1824871
1824881
1824887
1824917
1824919
1824943
1824947
1824959
1824971
1824973
1824989
1824997
1825003
1825039
1825079
1825081
1825129
1825139
1825141
1825157
1825163
1825169
1825177
1825183
1825193
1825207
1825217
1825261
1825277
1825297
1825309
1825319
1825331
1825333
1825337
1825357
1825379
1825381
1825391
1825403
1825429
1825451
1825457
1825459
1825489
1825493
1825513
1825517
1825531
1825553
1825591
1825597
1825601
1825627
1825631
1825661
1825667
1825673
1825679
1825687
1825693
1825699
1825711
1825723
1825739
1825757
1825781
1825787
1825819
1825829
1825861
1825867
1825871
1825883
1825891
1825897
1825933
1825937
1825963
1825969
1826003
1826023
1826047
1826051
1826059
1826063
1826093
1826107
1826113
1826119
1826129
1826137
1826141
1826161
1826171
1826173
1826183
1826189
1826197
1826207
1826239
1826257
1826281
1826291
1826311
1826323
1826329
1826371
1826389
1826399
1826411
1826417
1826423
1826443
1826459
1826477
1826491
1826501
1826519
1826521
1826537
1826543
1826549
1826557
1826563
1826567
1826609
1826611
1826639
1826651
1826659
1826687
1826689
1826711
1826723
1826743
1826753
1826761
1826771
1826777
1826807
1826819
1826849
1826863
1826873
1826879
1826887
1826893
1826897
1826899
1826917
1826933
1826947
1826969
1826977
1826987
1826999
1827017
1827071
1827101
1827103
1827107
1827127
1827139
1827151
1827179
1827181
1827193
1827197
1827209
1827227
1827229
1827253
1827257
1827269
1827271
1827277
1827283
1827307
1827311
1827337
1827341
1827361
1827367
1827379
1827389
1827421
1827431
1827479
1827487
1827509
1827533
1827563
1827583
1827589
1827593
1827613
1827647
1827659
1827673
1827697
1827703
1827731
1827733
1827737
1827751
1827757
1827767
1827773
1827779
1827799
1827803
1827809
1827817
1827829
1827863
1827869
1827901
1827929
1827937
1827949
1827953
1827983
1828003
1828019
1828051
1828069
1828093
1828117
1828121
1828153
1828193
1828217
1828223
1828243
1828249
1828259
1828271
1828273
1828279
1828283
1828291
1828301
1828303
1828319
1828331
1828361
1828373
1828381
1828397
1828399
1828423
1828433
1828439
1828451
1828471
1828481
1828487
1828499
1828501
1828507
1828517
1828531
1828543
1828549
1828583
1828591
1828601
1828609
1828627
1828633
1828637
1828649
1828663
1828667
1828669
1828681
1828691
1828703
1828709
1828727
1828759
1828763
1828781
1828789
1828793
1828829
1828831
1828847
1828867
1828901
1828903
1828933
1828973
1828993
1828999
1829011
1829017
1829027
1829041
1829057
1829089
1829119
1829137
1829141
1829143
1829171
1829197
1829203
1829209
1829221
1829227
1829249
1829257
1829281
1829293
1829299
1829309
1829389
1829417
1829441
1829449
1829459
1829473
1829479
1829483
1829497
1829501
1829519
1829533
1829537
1829549
1829551
1829563
1829579
1829587
1829609
1829617
1829621
1829623
1829629
1829647
1829671
1829683
1829699
1829701
1829717
1829743
1829747
1829753
1829759
1829771
1829777
1829797
1829801
1829803
1829827
1829831
1829843
1829873
1829879
1829911
1829923
1829959
1829963
1830011
1830013
1830029
1830047
1830053
1830071
1830077
1830079
1830083
1830089
1830113
1830119
1830163
1830181
1830211
1830223
1830253
1830263
1830287
1830307
1830319
1830331
1830337
1830341
1830343
1830347
1830349
1830379
1830391
1830401
1830419
1830421
1830431
1830443
1830469
1830481
1830511
1830523
1830533
1830539
1830557
1830559
1830571
1830583
1830589
1830599
1830613
1830617
1830623
1830629
1830637
1830659
1830677
1830701
1830733
1830739
1830749
1830757
1830817
1830833
1830839
1830863
1830887
1830889
1830901
1830911
1830923
1830931
1830943
1830967
1830971
1830977
1831001
1831003
1831009
1831013
1831021
1831033
1831051
1831079
1831103
1831111
1831127
1831129
1831133
1831153
1831169
1831171
1831187
1831211
1831243
1831253
1831267
1831273
1831289
1831307
1831331
1831339
1831343
1831369
1831373
1831381
1831399
1831411
1831441
1831447
1831451
1831469
1831477
1831481
1831483
1831493
1831507
1831517
1831523
1831589
1831591
1831601
1831633
1831667
1831673
1831679
1831681
1831693
1831703
1831723
1831741
1831747
1831751
1831783
1831787
1831799
1831807
1831811
1831831
1831849
1831853
1831861
1831867
1831877
1831909
1831913
1831933
1831939
1831967
1831969
1831979
1831987
1831993
1832011
1832029
1832057
1832063
1832071
1832093
1832099
1832119
1832123
1832137
1832143
1832147
1832177
1832179
1832183
1832197
1832213
1832219
1832221
1832239
1832251
1832261
1832279
1832291
1832293
1832309
1832329
1832333
1832353
1832371
1832377
1832381
1832393
1832407
1832419
1832459
1832461
1832471
1832477
1832497
1832513
1832543
1832561
1832629
1832641
1832653
1832657
1832669
1832681
1832693
1832707
1832711
1832791
1832819
1832833
1832839
1832851
1832861
1832863
1832881
1832927
1832933
1832947
1832969
1832977
1832983
1833001
1833019
1833023
1833067
1833079
1833089
1833113
1833121
1833131
1833137
1833157
1833163
1833173
1833179
1833257
1833259
1833269
1833317
1833319
1833341
1833343
1833347
1833383
1833389
1833401
1833427
1833431
1833437
1833439
1833451
1833457
1833473
1833487
1833509
1833521
1833523
1833527
1833529
1833551
1833571
1833581
1833613
1833631
1833647
1833653
1833673
1833677
1833679
1833697
1833701
1833731
1833737
1833749
1833751
1833761
1833763
1833781
1833787
1833803
1833809
1833817
1833851
1833863
1833883
1833911
1833919
1833947
1833961
1833983
1834031
1834033
1834037
1834039
1834067
1834069
1834099
1834109
1834111
1834117
1834139
1834141
1834153
1834159
1834193
1834199
1834207
1834229
1834237
1834243
1834253
1834303
1834307
1834309
1834321
1834333
1834373
1834397
1834403
1834421
1834429
1834433
1834439
1834447
1834451
1834477
1834501
1834513
1834523
1834597
1834601
1834603
1834607
1834619
1834631
1834639
1834643
1834663
1834667
1834669
1834717
1834727
1834741
1834747
1834751
1834753
1834757
1834783
1834799
1834813
1834831
1834879
1834883
1834901
1834907
1834909
1834919
1834967
1834969
1834981
1834991
1834993
1834999
1835003
1835017
1835027
1835051
1835081
1835083
1835087
1835117
1835129
1835131
1835161
1835177
1835189
1835227
1835257
1835263
1835291
1835297
1835299
1835321
1835329
1835333
1835359
1835363
1835399
1835401
1835411
1835413
1835453
1835461
1835467
1835501
1835527
1835557
1835569
1835573
1835591
1835593
1835633
1835651
1835657
1835689
1835737
1835741
1835753
1835767
1835797
1835809
1835819
1835839
1835861
1835863
1835879
1835909
1835921
1835923
1835941
1835947
1835957
1835969
1835993
1836011
1836031
1836041
1836047
1836053
1836059
1836061
1836073
1836091
1836151
1836157
1836239
1836259
1836271
1836277
1836287
1836299
1836301
1836319
1836379
1836383
1836413
1836427
1836433
1836437
1836449
1836451
1836467
1836473
1836479
1836511
1836517
1836539
1836553
1836563
1836581
1836623
1836641
1836647
1836689
1836691
1836727
1836733
1836761
1836763
1836797
1836811
1836827
1836839
1836853
1836911
1836929
1836931
1836937
1836943
1836949
1836959
1836971
1836973
1836979
1837007
1837009
1837027
1837061
1837067
1837097
1837103
1837117
1837123
1837127
1837151
1837159
1837181
1837189
1837223
1837249
1837271
1837273
1837289
1837313
1837349
1837361
1837379
1837387
1837391
1837393
1837397
1837399
1837427
1837453
1837477
1837481
1837489
1837529
1837541
1837573
1837601
1837607
1837621
1837639
1837657
1837663
1837681
1837687
1837709
1837727
1837729
1837733
1837739
1837741
1837763
1837789
1837831
1837837
1837867
1837873
1837879
1837903
1837919
1837931
1837937
1837943
1837961
1837967
1837973
1837981
1838033
1838047
1838051
1838063
1838069
1838087
1838101
1838131
1838141
1838143
1838167
1838173
1838191
1838203
1838209
1838233
1838237
1838257
1838297
1838299
1838327
1838341
1838371
1838377
1838401
1838407
1838423
1838429
1838453
1838461
1838519
1838521
1838527
1838531
1838549
1838569
1838587
1838591
1838621
1838659
1838671
1838693
1838717
1838719
1838741
1838743
1838747
1838761
1838773
1838791
1838807
1838813
1838819
1838843
1838869
1838909
1838911
1838923
1838933
1838957
1838983
1838987
1838989
1838999
1839001
1839059
1839073
1839091
1839121
1839127
1839133
1839169
1839203
1839221
1839283
1839293
1839317
1839329
1839347
1839353
1839359
1839361
1839373
1839377
1839401
1839413
1839427
1839433
1839449
1839457
1839463
1839469
1839473
1839479
1839491
1839493
1839511
1839559
1839589
1839601
1839611
1839631
1839647
1839653
1839659
1839667
1839671
1839697
1839727
1839737
1839743
1839763
1839767
1839769
1839787
1839809
1839833
1839853
1839857
1839907
1839911
1839913
1839919
1839923
1839947
1839949
1839953
1839967
1839983
1839991
1839997
1840019
1840031
1840043
1840049
1840051
1840057
1840073
1840087
1840109
1840117
1840123
1840171
1840183
1840219
1840231
1840259
1840261
1840297
1840313
1840327
1840331
1840337
1840351
1840393
1840429
1840441
1840453
1840457
1840459
1840469
1840493
1840519
1840537
1840541
1840561
1840577
1840591
1840603
1840633
1840649
1840651
1840669
1840673
1840679
1840697
1840703
1840711
1840723
1840733
1840747
1840771
1840781
1840789
1840829
1840843
1840847
1840871
1840877
1840921
1840939
1840957
1840961
1840973
1841003
1841011
1841039
1841057
1841069
1841071
1841087
1841089
1841107
1841111
1841113
1841141
1841153
1841171
1841201
1841221
1841237
1841249
1841251
1841261
1841267
1841291
1841293
1841299
1841317
1841327
1841339
1841377
1841383
1841387
1841401
1841429
1841443
1841447
1841473
1841479
1841513
1841519
1841531
1841557
1841579
1841599
1841603
1841621
1841639
1841641
1841657
1841659
1841681
1841699
1841701
1841711
1841713
1841759
1841779
1841783
1841821
1841837
1841849
1841857
1841869
1841891
1841911
1841923
1841929
1841941
1841947
1841951
1841969
1842011
1842023
1842041
1842067
1842073
1842079
1842083
1842097
1842101
1842131
1842133
1842151
1842161
1842173
1842187
1842199
1842229
1842233
1842251
1842263
1842287
1842289
1842293
1842311
1842317
1842329
1842349
1842377
1842391
1842413
1842419
1842431
1842469
1842473
1842479
1842481
1842493
1842497
1842509
1842523
1842527
1842539
1842551
1842557
1842569
1842583
1842587
1842611
1842619
1842641
1842661
1842667
1842703
1842719
1842727
1842767
1842769
1842779
1842781
1842793
1842803
1842809
1842811
1842839
1842847
1842853
1842877
1842887
1842889
1842899
1842901
1842913
1842931
1842941
1842949
1842961
1842977
1842989
1843003
1843027
1843033
1843063
1843067
1843087
1843091
1843099
1843111
1843117
1843129
1843139
1843141
1843147
1843159
1843169
1843183
1843189
1843201
1843207
1843213
1843217
1843241
1843253
1843273
1843277
1843313
1843321
1843349
1843357
1843421
1843423
1843433
1843447
1843487
1843489
1843493
1843511
1843537
1843547
1843549
1843561
1843571
1843579
1843591
1843607
1843619
1843631
1843643
1843649
1843687
1843697
1843753
1843757
1843771
1843783
1843789
1843801
1843823
1843843
1843859
1843867
1843889
1843901
1843909
1843943
1843949
1843967
1843981
1843993
1843997
1843999
1844021
1844027
1844033
1844039
1844077
1844093
1844099
1844111
1844119
1844123
1844131
1844153
1844179
1844189
1844201
1844207
1844243
1844257
1844263
1844287
1844291
1844299
1844317
1844329
1844333
1844341
1844357
1844369
1844377
1844383
1844411
1844417
1844441
1844473
1844477
1844497
1844503
1844519
1844527
1844537
1844567
1844569
1844581
1844617
1844641
1844659
1844677
1844681
1844683
1844707
1844723
1844737
1844741
1844747
1844749
1844813
1844819
1844827
1844837
1844863
1844867
1844897
1844917
1844923
1844939
1844963
1844971
1844977
1844981
1844987
1845017
1845023
1845029
1845047
1845049
1845073
1845119
1845133
1845139
1845143
1845149
1845157
1845161
1845167
1845187
1845199
1845209
1845211
1845229
1845271
1845289
1845293
1845307
1845317
1845331
1845353
1845373
1845379
1845419
1845421
1845427
1845457
1845463
1845491
1845499
1845509
1845521
1845539
1845541
1845551
1845559
1845563
1845577
1845581
1845583
1845601
1845611
1845637
1845713
1845719
1845721
1845731
1845751
1845757
1845769
1845791
1845827
1845829
1845841
1845881
1845901
1845913
1845919
1845931
1845941
1845959
1846001
1846037
1846057
1846063
1846067
1846073
1846079
1846093
1846099
1846121
1846129
1846139
1846153
1846157
1846171
1846177
1846181
1846219
1846223
1846231
1846241
1846253
1846261
1846283
1846289
1846297
1846321
1846331
1846333
1846357
1846367
1846373
1846379
1846393
1846399
1846441
1846457
1846469
1846487
1846511
1846529
1846541
1846547
1846561
1846567
1846571
1846609
1846613
1846619
1846631
1846643
1846657
1846673
1846703
1846711
1846729
1846751
1846769
1846777
1846811
1846837
1846843
1846847
1846849
1846861
1846879
1846903
1846909
1846913
1846921
1846939
1846951
1846963
1846967
1846993
1847023
1847051
1847071
1847093
1847117
1847129
1847143
1847149
1847179
1847221
1847233
1847239
1847243
1847267
1847273
1847281
1847297
1847303
1847309
1847327
1847333
1847341
1847347
1847353
1847357
1847359
1847369
1847381
1847393
1847401
1847413
1847423
1847431
1847471
1847473
1847477
1847513
1847537
1847539
1847563
1847591
1847603
1847609
1847623
1847627
1847641
1847647
1847653
1847687
1847689
1847701
1847737
1847767
1847777
1847779
1847789
1847803
1847809
1847827
1847831
1847861
1847863
1847869
1847887
1847897
1847903
1847929
1847933
1847969
1847971
1847983
1847999
1848013
1848023
1848029
1848031
1848043
1848103
1848107
1848151
1848167
1848169
1848193
1848221
1848227
1848233
1848241
1848247
1848277
1848281
1848289
1848311
1848323
1848331
1848337
1848347
1848367
1848397
1848439
1848443
1848449
1848467
1848503
1848551
1848569
1848577
1848589
1848593
1848599
1848607
1848617
1848641
1848667
1848673
1848677
1848697
1848713
1848751
1848773
1848787
1848811
1848823
1848827
1848841
1848859
1848863
1848877
1848907
1848919
1848923
1848929
1848943
1848949
1848983
1848997
1849013
1849021
1849037
1849049
1849051
1849063
1849079
1849087
1849091
1849097
1849103
1849109
1849147
1849151
1849171
1849187
1849189
1849201
1849207
1849217
1849229
1849231
1849241
1849259
1849271
1849273
1849279
1849283
1849291
1849319
1849333
1849349
1849357
1849381
1849391
1849399
1849423
1849433
1849439
1849451
1849457
1849483
1849487
1849493
1849511
1849513
1849577
1849579
1849609
1849643
1849663
1849681
1849691
1849699
1849711
1849721
1849723
1849733
1849751
1849759
1849811
1849829
1849831
1849843
1849847
1849849
1849853
1849877
1849909
1849919
1849921
1849933
1849979
1850021
1850029
1850033
1850041
1850053
1850089
1850119
1850129
1850131
1850141
1850159
1850179
1850227
1850243
1850257
1850267
1850269
1850279
1850293
1850309
1850341
1850347
1850357
1850369
1850413
1850423
1850441
1850447
1850489
1850491
1850503
1850509
1850521
1850561
1850573
1850587
1850593
1850609
1850633
1850687
1850689
1850701
1850749
1850759
1850767
1850789
1850803
1850831
1850837
1850839
1850843
1850887
1850939
1850941
1850951
1850969
1850987
1851019
1851023
1851029
1851043
1851071
1851077
1851089
1851097
1851119
1851127
1851133
1851139
1851163
1851173
1851203
1851217
1851253
1851259
1851271
1851287
1851299
1851301
1851313
1851319
1851329
1851337
1851349
1851359
1851371
1851373
1851391
1851401
1851403
1851407
1851433
1851457
1851463
1851469
1851491
1851503
1851511
1851539
1851541
1851547
1851557
1851559
1851571
1851581
1851587
1851611
1851637
1851643
1851649
1851667
1851671
1851677
1851701
1851719
1851727
1851749
1851757
1851761
1851763
1851769
1851779
1851781
1851803
1851809
1851821
1851841
1851851
1851859
1851869
1851877
1851901
1851907
1851917
1851919
1851931
1851953
1851973
1851991
1852003
1852009
1852013
1852049
1852051
1852057
1852073
1852079
1852087
1852091
1852111
1852153
1852159
1852163
1852171
1852181
1852189
1852211
1852217
1852241
1852243
1852247
1852261
1852271
1852273
1852283
1852289
1852307
1852327
1852363
1852373
1852393
1852427
1852429
1852447
1852451
1852457
1852469
1852493
1852511
1852523
1852559
1852579
1852597
1852601
1852621
1852637
1852649
1852663
1852679
1852681
1852687
1852699
1852703
1852727
1852771
1852789
1852793
1852817
1852819
1852843
1852859
1852909
1852951
1852957
1852969
1852973
1852987
1853011
1853053
1853063
1853081
1853083
1853107
1853161
1853167
1853177
1853183
1853191
1853207
1853209
1853231
1853239
1853263
1853281
1853309
1853321
1853329
1853333
1853339
1853377
1853381
1853387
1853399
1853443
1853447
1853461
1853471
1853479
1853483
1853497
1853503
1853513
1853549
1853557
1853563
1853581
1853587
1853591
1853611
1853617
1853627
1853641
1853647
1853669
1853671
1853701
1853711
1853713
1853723
1853743
1853749
1853759
1853771
1853779
1853791
1853801
1853807
1853809
1853857
1853861
1853879
1853927
1853939
1853947
1853977
1853987
1854011
1854019
1854029
1854067
1854089
1854101
1854109
1854113
1854119
1854131
1854157
1854163
1854179
1854187
1854211
1854221
1854227
1854233
1854247
1854257
1854269
1854271
1854277
1854299
1854313
1854317
1854331
1854337
1854341
1854353
1854373
1854379
1854383
1854407
1854409
1854439
1854487
1854491
1854497
1854527
1854529
1854563
1854599
1854607
1854613
1854617
1854623
1854653
1854659
1854661
1854673
1854679
1854689
1854701
1854703
1854709
1854731
1854739
1854763
1854779
1854781
1854791
1854793
1854833
1854851
1854859
1854863
1854883
1854889
1854893
1854899
1854907
1854911
1854917
1854943
1854971
1854991
1854997
1855001
1855013
1855031
1855033
1855039
1855093
1855097
1855099
1855109
1855123
1855153
1855169
1855171
1855187
1855207
1855211
1855219
1855229
1855237
1855247
1855253
1855267
1855279
1855303
1855307
1855313
1855327
1855349
1855361
1855393
1855411
1855421
1855423
1855457
1855463
1855501
1855517
1855519
1855523
1855531
1855541
1855549
1855577
1855589
1855591
1855603
1855613
1855621
1855627
1855649
1855687
1855697
1855723
1855729
1855741
1855747
1855757
1855759
1855769
1855807
1855811
1855813
1855817
1855823
1855849
1855853
1855891
1855921
1855927
1855933
1855949
1855951
1855961
1855969
1855979
1855981
1855993
1855999
1856003
1856017
1856021
1856027
1856033
1856039
1856059
1856069
1856083
1856089
1856119
1856137
1856147
1856149
1856159
1856191
1856201
1856207
1856221
1856227
1856233
1856237
1856269
1856287
1856293
1856297
1856303
1856333
1856339
1856347
1856363
1856411
1856419
1856441
1856443
1856507
1856513
1856581
1856599
1856639
1856651
1856713
1856719
1856747
1856753
1856759
1856773
1856801
1856819
1856821
1856837
1856843
1856857
1856861
1856891
1856903
1856909
1856917
1856941
1856947
1856963
1856969
1856971
1856983
1856989
1856999
1857001
1857049
1857091
1857101
1857109
1857113
1857139
1857151
1857157
1857161
1857169
1857197
1857203
1857209
1857217
1857257
1857281
1857283
1857287
1857293
1857313
1857343
1857347
1857353
1857371
1857377
1857391
1857407
1857439
1857461
1857473
1857481
1857509
1857517
1857521
1857533
1857547
1857553
1857577
1857589
1857593
1857599
1857617
1857671
1857673
1857677
1857679
1857689
1857701
1857707
1857719
1857731
1857761
1857767
1857773
1857797
1857803
1857829
1857859
1857887
1857893
1857899
1857929
1857931
1857941
1857949
1857959
1857967
1857971
1857979
1858007
1858033
1858057
1858061
1858081
1858091
1858093
1858133
1858139
1858163
1858169
1858183
1858187
1858189
1858201
1858211
1858217
1858249
1858261
1858267
1858279
1858303
1858309
1858313
1858319
1858343
1858369
1858403
1858421
1858433
1858459
1858529
1858531
1858537
1858541
1858553
1858573
1858579
1858583
1858603
1858613
1858631
1858643
1858651
1858663
1858669
1858691
1858693
1858711
1858721
1858733
1858739
1858741
1858757
1858807
1858819
1858823
1858849
1858861
1858867
1858873
1858889
1858891
1858919
1858921
1858931
1858937
1858957
1858973
1859009
1859023
1859041
1859057
1859071
1859083
1859087
1859111
1859119
1859141
1859167
1859173
1859177
1859197
1859201
1859203
1859233
1859243
1859269
1859279
1859281
1859311
1859323
1859327
1859329
1859353
1859369
1859387
1859441
1859453
1859467
1859471
1859479
1859489
1859491
1859497
1859513
1859519
1859521
1859531
1859537
1859551
1859563
1859569
1859603
1859609
1859617
1859629
1859633
1859639
1859651
1859653
1859677
1859687
1859699
1859771
1859779
1859813
1859827
1859831
1859843
1859863
1859881
1859899
1859911
1859917
1859927
1859971
1859983
1859999
1860007
1860013
1860017
1860037
1860059
1860071
1860083
1860097
1860109
1860127
1860139
1860143
1860163
1860179
1860181
1860193
1860197
1860251
1860253
1860277
1860281
1860289
1860301
1860337
1860343
1860359
1860373
1860377
1860407
1860421
1860427
1860431
1860449
1860479
1860503
1860517
1860533
1860559
1860569
1860571
1860581
1860583
1860629
1860637
1860641
1860643
1860647
1860659
1860679
1860707
1860709
1860721
1860731
1860737
1860743
1860757
1860763
1860799
1860821
1860829
1860847
1860851
1860853
1860857
1860869
1860877
1860893
1860923
1860941
1860967
1860977
1860979
1860983
1861001
1861009
1861019
1861021
1861033
1861039
1861061
1861081
1861103
1861121
1861141
1861151
1861157
1861187
1861219
1861253
1861261
1861267
1861303
1861309
1861331
1861337
1861339
1861351
1861397
1861403
1861417
1861469
1861471
1861493
1861501
1861511
1861543
1861547
1861567
1861579
1861583
1861589
1861591
1861621
1861631
1861637
1861649
1861661
1861663
1861697
1861709
1861711
1861747
1861751
1861757
1861759
1861787
1861807
1861817
1861831
1861859
1861861
1861879
1861889
1861897
1861913
1861921
1861927
1861961
1861973
1861991
1862009
1862017
1862023
1862033
1862087
1862101
1862111
1862123
1862141
1862153
1862213
1862219
1862221
1862227
1862233
1862243
1862249
1862251
1862279
1862297
1862317
1862347
1862359
1862381
1862383
1862407
1862411
1862417
1862429
1862447
1862477
1862489
1862501
1862519
1862521
1862561
1862587
1862591
1862593
1862611
1862621
1862633
1862647
1862659
1862669
1862683
1862687
1862711
1862737
1862761
1862797
1862837
1862857
1862869
1862881
1862891
1862909
1862923
1862933
1862941
1862953
1862957
1862981
1862983
1863011
1863041
1863049
1863053
1863067
1863073
1863077
1863089
1863091
1863097
1863107
1863151
1863157
1863181
1863223
1863229
1863241
1863247
1863263
1863269
1863271
1863307
1863313
1863331
1863347
1863361
1863371
1863377
1863401
1863403
1863413
1863451
1863457
1863461
1863473
1863479
1863481
1863493
1863497
1863509
1863517
1863527
1863541
1863559
1863581
1863583
1863593
1863601
1863607
1863613
1863637
1863647
1863649
1863671
1863677
1863683
1863707
1863721
1863731
1863769
1863779
1863787
1863811
1863839
1863853
1863857
1863871
1863877
1863889
1863893
1863899
1863913
1863923
1863929
1863941
1863971
1863997
1864001
1864003
1864039
1864043
1864069
1864087
1864111
1864117
1864151
1864153
1864189
1864217
1864241
1864253
1864259
1864267
1864297
1864307
1864361
1864363
1864391
1864399
1864417
1864427
1864453
1864463
1864469
1864483
1864507
1864517
1864529
1864547
1864549
1864553
1864559
1864567
1864571
1864589
1864591
1864601
1864649
1864657
1864661
1864691
1864693
1864703
1864711
1864739
1864769
1864783
1864789
1864801
1864823
1864847
1864853
1864859
1864861
1864871
1864873
1864879
1864897
1864901
1864921
1864939
1864979
1864987
1865011
1865023
1865027
1865057
1865063
1865069
1865081
1865107
1865119
1865137
1865141
1865147
1865159
1865161
1865179
1865203
1865221
1865233
1865243
1865261
1865263
1865267
1865299
1865321
1865327
1865329
1865333
1865341
1865371
1865389
1865399
1865411
1865417
1865419
1865431
1865443
1865447
1865453
1865467
1865471
1865489
1865491
1865509
1865527
1865533
1865537
1865543
1865551
1865561
1865569
1865573
1865579
1865587
1865603
1865609
1865659
1865671
1865681
1865687
1865693
1865711
1865719
1865729
1865791
1865821
1865827
1865837
1865839
1865849
1865863
1865881
1865887
1865893
1865911
1865917
1865939
1865957
1865959
1865987
1865999
1866001
1866019
1866031
1866037
1866043
1866049
1866083
1866091
1866101
1866113
1866127
1866131
1866143
1866191
1866203
1866211
1866223
1866233
1866239
1866247
1866251
1866269
1866281
1866283
1866301
1866307
1866331
1866341
1866343
1866349
1866367
1866373
1866409
1866437
1866439
1866451
1866457
1866461
1866467
1866499
1866517
1866521
1866547
1866551
1866569
1866577
1866593
1866637
1866649
1866659
1866677
1866679
1866721
1866737
1866751
1866757
1866779
1866827
1866833
1866847
1866857
1866859
1866863
1866869
1866871
1866877
1866901
1866941
1866961
1866967
1866971
1866973
1866989
1867001
1867003
1867009
1867013
1867039
1867051
1867069
1867079
1867109
1867123
1867147
1867157
1867183
1867193
1867211
1867213
1867219
1867231
1867237
1867241
1867249
1867253
1867259
1867303
1867319
1867321
1867337
1867343
1867351
1867367
1867373
1867421
1867423
1867429
1867469
1867477
1867553
1867573
1867597
1867601
1867609
1867631
1867651
1867693
1867709
1867711
1867717
1867727
1867729
1867751
1867753
1867769
1867771
1867783
1867787
1867799
1867813
1867819
1867823
1867847
1867849
1867867
1867883
1867897
1867907
1867913
1867927
1867949
1867951
1867969
1867973
1867979
1867993
1868017
1868033
1868039
1868051
1868057
1868059
1868063
1868107
1868149
1868159
1868173
1868179
1868183
1868189
1868201
1868231
1868239
1868257
1868261
1868287
1868291
1868309
1868333
1868371
1868381
1868387
1868407
1868423
1868443
1868459
1868483
1868501
1868513
1868519
1868527
1868533
1868549
1868561
1868567
1868569
1868591
1868599
1868617
1868627
1868639
1868641
1868663
1868677
1868687
1868693
1868701
1868717
1868719
1868723
1868747
1868749
1868753
1868777
1868807
1868813
1868837
1868843
1868851
1868863
1868879
1868917
1868947
1868983
1868987
1868989
1869029
1869041
1869053
1869071
1869073
1869097
1869113
1869139
1869169
1869173
1869181
1869191
1869193
1869199
1869209
1869221
1869227
1869251
1869271
1869293
1869299
1869319
1869341
1869379
1869383
1869389
1869403
1869407
1869419
1869433
1869443
1869449
1869487
1869521
1869529
1869547
1869551
1869563
1869577
1869617
1869631
1869649
1869691
1869709
1869719
1869731
1869737
1869757
1869761
1869793
1869823
1869839
1869853
1869859
1869871
1869929
1869947
1869953
1869971
1869991
1870019
1870021
1870049
1870067
1870079
1870097
1870103
1870111
1870117
1870129
1870139
1870147
1870159
1870163
1870207
1870213
1870223
1870229
1870247
1870249
1870259
1870279
1870307
1870327
1870343
1870361
1870369
1870373
1870381
1870399
1870403
1870411
1870433
1870441
1870469
1870499
1870507
1870511
1870541
1870577
1870591
1870597
1870601
1870619
1870639
1870643
1870651
1870667
1870669
1870709
1870711
1870717
1870723
1870733
1870777
1870783
1870787
1870793
1870807
1870829
1870853
1870859
1870861
1870879
1870907
1870919
1870927
1870933
1870951
1870961
1870991
1871017
1871021
1871029
1871039
1871057
1871081
1871083
1871099
1871113
1871137
1871147
1871153
1871171
1871183
1871213
1871249
1871263
1871279
1871293
1871321
1871327
1871339
1871351
1871383
1871413
1871417
1871437
1871447
1871449
1871459
1871461
1871473
1871477
1871491
1871503
1871509
1871531
1871543
1871549
1871561
1871591
1871603
1871621
1871627
1871629
1871641
1871651
1871669
1871677
1871693
1871699
1871711
1871713
1871743
1871777
1871783
1871789
1871813
1871827
1871839
1871843
1871851
1871879
1871917
1871923
1871927
1871929
1871951
1871957
1871981
1871983
1872001
1872007
1872043
1872049
1872097
1872109
1872113
1872137
1872149
1872173
1872217
1872229
1872239
1872253
1872259
1872271
1872281
1872287
1872289
1872301
1872313
1872319
1872323
1872337
1872389
1872419
1872421
1872427
1872461
1872463
1872473
1872491
1872503
1872529
1872547
1872553
1872557
1872569
1872581
1872587
1872589
1872623
1872631
1872667
1872671
1872691
1872713
1872721
1872727
1872743
1872751
1872763
1872769
1872799
1872817
1872841
1872847
1872859
1872889
1872911
1872919
1872929
1872943
1872953
1872971
1873013
1873019
1873021
1873031
1873049
1873057
1873093
1873099
1873121
1873133
1873141
1873147
1873159
1873163
1873171
1873181
1873211
1873217
1873219
1873231
1873271
1873283
1873297
1873307
1873321
1873337
1873357
1873367
1873379
1873409
1873411
1873433
1873441
1873471
1873499
1873507
1873513
1873517
1873523
1873541
1873549
1873567
1873583
1873589
1873607
1873633
1873637
1873657
1873679
1873681
1873687
1873699
1873721
1873727
1873769
1873771
1873783
1873831
1873849
1873867
1873877
1873889
1873967
1873969
1873979
1874003
1874021
1874039
1874051
1874083
1874099
1874101
1874107
1874111
1874143
1874153
1874177
1874189
1874207
1874209
1874261
1874263
1874303
1874311
1874317
1874351
1874377
1874387
1874399
1874417
1874441
1874443
1874449
1874461
1874491
1874503
1874513
1874527
1874549
1874599
1874603
1874611
1874623
1874627
1874629
1874633
1874657
1874659
1874669
1874699
1874723
1874729
1874759
1874767
1874791
1874797
1874819
1874833
1874837
1874839
1874857
1874869
1874881
1874893
1874903
1874921
1874923
1874941
1874953
1874959
1874987
1874993
1875007
1875011
1875037
1875043
1875059
1875061
1875067
1875073
1875077
1875103
1875109
1875131
1875143
1875149
1875161
1875163
1875173
1875179
1875191
1875229
1875233
1875239
1875241
1875277
1875311
1875317
1875331
1875337
1875361
1875371
1875373
1875403
1875427
1875431
1875439
1875449
1875451
1875479
1875481
1875487
1875499
1875521
1875529
1875541
1875553
1875557
1875569
1875583
1875611
1875619
1875677
1875683
1875707
1875743
1875751
1875773
1875793
1875803
1875821
1875833
1875859
1875869
1875877
1875893
1875901
1875943
1875947
1875953
1875959
1875971
1875977
1875983
1875989
1875997
1876009
1876019
1876057
1876073
1876081
1876093
1876109
1876123
1876129
1876157
1876163
1876169
1876181
1876183
1876187
1876211
1876223
1876241
1876247
1876249
1876261
1876267
1876289
1876291
1876309
1876327
1876331
1876333
1876339
1876367
1876373
1876379
1876403
1876417
1876451
1876453
1876481
1876499
1876507
1876513
1876517
1876519
1876541
1876549
1876559
1876597
1876607
1876627
1876631
1876643
1876657
1876669
1876697
1876703
1876711
1876717
1876733
1876741
1876747
1876781
1876807
1876829
1876841
1876859
1876949
1876951
1876999
1877003
1877009
1877011
1877017
1877023
1877033
1877041
1877059
1877069
1877077
1877087
1877107
1877111
1877137
1877147
1877159
1877171
1877177
1877179
1877189
1877209
1877221
1877231
1877233
1877243
1877261
1877279
1877297
1877299
1877303
1877347
1877353
1877357
1877363
1877389
1877399
1877401
1877443
1877459
1877461
1877471
1877479
1877483
1877501
1877503
1877521
1877573
1877609
1877621
1877669
1877671
1877683
1877693
1877717
1877723
1877741
1877753
1877761
1877773
1877797
1877801
1877819
1877833
1877839
1877857
1877873
1877891
1877917
1877933
1877951
1877959
1877977
1877983
1878013
1878043
1878047
1878049
1878053
1878059
1878061
1878089
1878091
1878119
1878139
1878181
1878187
1878193
1878199
1878209
1878221
1878223
1878229
1878257
1878263
1878277
1878281
1878287
1878293
1878299
1878319
1878323
1878353
1878367
1878389
1878403
1878419
1878421
1878431
1878439
1878451
1878463
1878491
1878493
1878553
1878557
1878559
1878563
1878577
1878581
1878593
1878623
1878629
1878641
1878659
1878677
1878683
1878689
1878697
1878733
1878757
1878769
1878781
1878791
1878803
1878827
1878839
1878841
1878869
1878883
1878887
1878889
1878911
1878913
1878931
1878949
1878977
1878979
1878991
1879049
1879067
1879069
1879079
1879099
1879103
1879109
1879121
1879151
1879187
1879211
1879243
1879253
1879279
1879291
1879301
1879351
1879357
1879363
1879379
1879387
1879391
1879421
1879429
1879439
1879453
1879459
1879463
1879477
1879511
1879517
1879523
1879543
1879567
1879589
1879597
1879601
1879607
1879621
1879643
1879663
1879723
1879729
1879781
1879789
1879807
1879811
1879817
1879847
1879849
1879873
1879897
1879901
1879909
1879921
1879931
1879937
1879939
1879949
1879961
1879967
1880017
1880023
1880027
1880093
1880111
1880117
1880129
1880159
1880167
1880189
1880201
1880209
1880233
1880257
1880267
1880287
1880309
1880321
1880323
1880327
1880339
1880341
1880357
1880363
1880369
1880381
1880401
1880413
1880441
1880467
1880497
1880509
1880513
1880521
1880537
1880551
1880561
1880573
1880581
1880597
1880603
1880633
1880647
1880653
1880657
1880663
1880689
1880701
1880707
1880729
1880741
1880789
1880803
1880807
1880819
1880831
1880833
1880839
1880843
1880849
1880869
1880881
1880887
1880899
1880903
1880909
1880929
1880933
1880939
1880941
1880947
1880951
1880959
1880971
1880993
1881031
1881037
1881041
1881071
1881079
1881083
1881109
1881119
1881127
1881151
1881157
1881161
1881163
1881181
1881197
1881199
1881211
1881221
1881223
1881241
1881263
1881277
1881289
1881307
1881311
1881329
1881343
1881349
1881389
1881391
1881401
1881403
1881419
1881431
1881461
1881463
1881479
1881493
1881499
1881511
1881521
1881533
1881559
1881587
1881601
1881617
1881619
1881631
1881641
1881697
1881749
1881751
1881757
1881767
1881769
1881787
1881799
1881811
1881821
1881823
1881851
1881853
1881863
1881881
1881889
1881899
1881907
1881937
1881949
1881961
1881983
1881989
1882009
1882031
1882037
1882039
1882051
1882063
1882073
1882081
1882099
1882117
1882141
1882147
1882163
1882169
1882171
1882183
1882207
1882211
1882229
1882247
1882253
1882259
1882271
1882313
1882319
1882327
1882367
1882369
1882403
1882409
1882417
1882421
1882429
1882453
1882457
1882459
1882469
1882471
1882519
1882541
1882561
1882579
1882589
1882607
1882667
1882681
1882703
1882717
1882721
1882747
1882781
1882787
1882823
1882861
1882877
1882891
1882921
1882939
1882963
1882997
1883003
1883017
1883023
1883027
1883047
1883051
1883053
1883087
1883113
1883129
1883153
1883177
1883183
1883191
1883197
1883201
1883207
1883213
1883227
1883237
1883257
1883267
1883279
1883293
1883317
1883341
1883351
1883359
1883363
1883369
1883377
1883381
1883383
1883389
1883393
1883407
1883429
1883459
1883471
1883477
1883491
1883501
1883503
1883513
1883533
1883551
1883573
1883599
1883611
1883621
1883627
1883639
1883647
1883659
1883669
1883671
1883689
1883699
1883731
1883737
1883743
1883759
1883773
1883857
1883879
1883881
1883939
1883941
1883969
1883971
1883989
1883993
1884007
1884011
1884013
1884053
1884061
1884083
1884109
1884119
1884121
1884133
1884193
1884199
1884209
1884221
1884227
1884247
1884293
1884313
1884341
1884343
1884347
1884353
1884359
1884409
1884427
1884437
1884451
1884461
1884469
1884479
1884481
1884503
1884517
1884523
1884527
1884529
1884539
1884563
1884577
1884587
1884593
1884599
1884601
1884607
1884611
1884677
1884679
1884713
1884721
1884731
1884749
1884791
1884793
1884803
1884809
1884821
1884829
1884833
1884853
1884877
1884881
1884887
1884889
1884901
1884907
1884917
1884923
1884947
1884973
1885007
1885021
1885033
1885043
1885069
1885151
1885153
1885159
1885171
1885183
1885201
1885207
1885243
1885253
1885259
1885267
1885271
1885277
1885291
1885307
1885309
1885321
1885339
1885349
1885363
1885381
1885391
1885393
1885423
1885439
1885459
1885469
1885489
1885501
1885519
1885523
1885529
1885553
1885561
1885567
1885573
1885577
1885601
1885603
1885607
1885613
1885619
1885627
1885633
1885649
1885673
1885703
1885711
1885717
1885729
1885733
1885753
1885757
1885789
1885801
1885811
1885847
1885859
1885867
1885879
1885907
1885909
1885913
1885943
1885979
1885981
1885991
1885993
1886011
1886021
1886029
1886047
1886051
1886081
1886107
1886113
1886119
1886153
1886173
1886179
1886197
1886231
1886233
1886237
1886243
1886267
1886279
1886293
1886317
1886327
1886329
1886347
1886351
1886389
1886411
1886413
1886447
1886449
1886459
1886471
1886503
1886509
1886513
1886527
1886543
1886557
1886561
1886569
1886611
1886623
1886657
1886659
1886663
1886671
1886693
1886699
1886701
1886723
1886743
1886749
1886777
1886783
1886809
1886821
1886849
1886867
1886869
1886887
1886891
1886903
1886917
1886923
1886957
1886981
1886993
1886999
1887013
1887019
1887029
1887049
1887071
1887079
1887091
1887103
1887113
1887131
1887133
1887143
1887161
1887167
1887169
1887181
1887199
1887209
1887211
1887217
1887229
1887247
1887253
1887283
1887307
1887341
1887359
1887409
1887419
1887421
1887433
1887437
1887443
1887451
1887463
1887499
1887511
1887521
1887539
1887563
1887569
1887577
1887607
1887617
1887619
1887637
1887643
1887659
1887667
1887671
1887713
1887719
1887727
1887737
1887749
1887757
1887773
1887797
1887803
1887811
1887857
1887877
1887883
1887917
1887923
1887947
1887967
1888031
1888043
1888063
1888069
1888079
1888097
1888121
1888123
1888129
1888151
1888157
1888169
1888171
1888189
1888193
1888199
1888213
1888217
1888223
1888247
1888253
1888267
1888279
1888283
1888301
1888307
1888331
1888349
1888351
1888361
1888399
1888409
1888421
1888441
1888457
1888463
1888483
1888487
1888559
1888561
1888571
1888597
1888609
1888633
1888651
1888673
1888723
1888727
1888753
1888759
1888763
1888769
1888793
1888807
1888837
1888841
1888849
1888879
1888897
1888907
1888919
1888927
1888933
1888963
1888979
1888981
1889009
1889011
1889029
1889039
1889051
1889053
1889077
1889081
1889087
1889099
1889101
1889117
1889131
1889143
1889177
1889191
1889201
1889213
1889219
1889221
1889267
1889273
1889287
1889309
1889311
1889317
1889347
1889351
1889359
1889369
1889383
1889387
1889389
1889399
1889401
1889411
1889423
1889429
1889441
1889453
1889471
1889477
1889483
1889491
1889497
1889501
1889509
1889521
1889527
1889539
1889551
1889561
1889579
1889603
1889617
1889621
1889647
1889651
1889653
1889677
1889689
1889707
1889717
1889743
1889747
1889753
1889761
1889801
1889803
1889819
1889831
1889957
1889969
1889981
1889999
1890019
1890023
1890029
1890037
1890041
1890079
1890089
1890103
1890107
1890113
1890121
1890149
1890167
1890173
1890193
1890211
1890221
1890227
1890241
1890257
1890269
1890277
1890283
1890289
1890299
1890313
1890319
1890331
1890337
1890373
1890379
1890389
1890397
1890401
1890403
1890467
1890479
1890487
1890509
1890521
1890523
1890527
1890529
1890541
1890547
1890571
1890593
1890599
1890601
1890611
1890617
1890631
1890641
1890643
1890677
1890697
1890701
1890719
1890731
1890743
1890769
1890793
1890799
1890809
1890827
1890851
1890869
1890877
1890901
1890913
1890923
1890953
1890997
1891007
1891027
1891039
1891049
1891069
1891073
1891103
1891111
1891133
1891147
1891163
1891171
1891187
1891189
1891213
1891223
1891243
1891249
1891273
1891277
1891283
1891291
1891297
1891303
1891319
1891333
1891361
1891367
1891381
1891387
1891391
1891429
1891433
1891447
1891457
1891489
1891499
1891501
1891529
1891537
1891541
1891567
1891579
1891601
1891619
1891627
1891639
1891657
1891661
1891663
1891667
1891679
1891711
1891739
1891753
1891789
1891807
1891829
1891843
1891859
1891861
1891889
1891907
1891909
1891927
1891933
1891949
1891951
1891969
1891987
1891991
1891997
1892017
1892021
1892029
1892057
1892089
1892113
1892119
1892123
1892161
1892167
1892171
1892183
1892197
1892203
1892239
1892249
1892257
1892299
1892309
1892311
1892329
1892353
1892357
1892383
1892399
1892413
1892431
1892441
1892461
1892477
1892489
1892497
1892503
1892507
1892531
1892537
1892551
1892563
1892591
1892599
1892617
1892621
1892629
1892633
1892651
1892663
1892669
1892677
1892687
1892699
1892701
1892713
1892719
1892749
1892753
1892771
1892773
1892777
1892783
1892827
1892833
1892843
1892857
1892861
1892867
1892879
1892887
1892893
1892911
1892921
1892927
1892977
1892983
1892999
1893029
1893049
1893071
1893083
1893131
1893163
1893173
1893181
1893187
1893191
1893193
1893197
1893209
1893211
1893223
1893277
1893289
1893299
1893317
1893329
1893347
1893349
1893361
1893371
1893373
1893377
1893391
1893403
1893413
1893427
1893431
1893457
1893467
1893469
1893473
1893481
1893517
1893527
1893533
1893539
1893581
1893587
1893589
1893599
1893607
1893643
1893701
1893707
1893713
1893719
1893733
1893737
1893757
1893779
1893781
1893799
1893809
1893823
1893877
1893887
1893911
1893917
1893929
1893937
1893949
1893967
1893971
1893973
1893979
1894001
1894003
1894033
1894037
1894043
1894049
1894051
1894063
1894099
1894103
1894117
1894121
1894127
1894163
1894171
1894181
1894213
1894229
1894247
1894253
1894267
1894271
1894283
1894307
1894337
1894339
1894369
1894381
1894393
1894397
1894411
1894439
1894481
1894489
1894577
1894583
1894601
1894603
1894609
1894631
1894639
1894643
1894663
1894687
1894691
1894727
1894729
1894741
1894757
1894787
1894793
1894811
1894817
1894853
1894859
1894873
1894883
1894913
1894931
1894933
1894969
1895009
1895011
1895017
1895027
1895051
1895057
1895071
1895081
1895083
1895093
1895099
1895119
1895129
1895141
1895167
1895189
1895191
1895207
1895219
1895233
1895239
1895249
1895261
1895263
1895273
1895287
1895317
1895321
1895351
1895357
1895359
1895479
1895489
1895501
1895507
1895513
1895521
1895533
1895539
1895563
1895567
