1100009
1100023
1100027
1100039
1100041
1100051
1100063
1100089
1100093
1100101
1100123
1100131
1100147
1100149
1100161
1100167
1100171
1100179
1100213
1100219
1100243
1100249
1100261
1100273
1100279
1100303
1100311
1100321
1100353
1100357
1100377
1100381
1100387
1100419
1100441
1100443
1100447
1100467
1100471
1100483
1100503
1100509
1100513
1100543
1100557
1100569
1100581
1100591
1100611
1100641
1100653
1100681
1100683
1100747
1100773
1100777
1100783
1100797
1100807
1100831
1100833
1100837
1100839
1100851
1100857
1100887
1100893
1100899
1100909
1100921
1100933
1100947
1100977
1101071
1101091
1101097
1101103
1101109
1101127
1101143
1101169
1101179
1101193
1101211
1101229
1101253
1101283
1101299
1101307
1101319
1101323
1101341
1101349
1101371
1101377
1101389
1101403
1101407
1101409
1101421
1101431
1101433
1101439
1101467
1101473
1101509
1101511
1101517
1101521
1101533
1101559
1101571
1101577
1101587
1101593
1101613
1101619
1101641
1101649
1101671
1101673
1101689
1101691
1101697
1101733
1101743
1101761
1101767
1101773
1101781
1101803
1101811
1101839
1101851
1101871
1101883
1101901
1101917
1101929
1101931
1101937
1101941
1101959
1101967
1102001
1102007
1102021
1102027
1102063
1102069
1102111
1102117
1102147
1102151
1102159
1102163
1102169
1102181
1102187
1102201
1102237
1102243
1102249
1102253
1102259
1102271
1102279
1102301
1102307
1102313
1102333
1102337
1102393
1102397
1102411
1102427
1102429
1102441
1102447
1102457
1102463
1102481
1102483
1102523
1102537
1102547
1102553
1102567
1102571
1102583
1102663
1102669
1102679
1102681
1102691
1102693
1102709
1102721
1102727
1102729
1102733
1102747
1102757
1102813
1102823
1102831
1102847
1102853
1102861
1102879
1102883
1102891
1102901
1102903
1102921
1102939
1102951
1102963
1102967
1102979
1102991
1102999
1103009
1103017
1103029
1103041
1103059
1103087
1103101
1103107
1103111
1103119
1103129
1103143
1103171
1103183
1103191
1103203
1103213
1103237
1103257
1103279
1103281
1103293
1103309
1103339
1103341
1103353
1103371
1103437
1103449
1103461
1103467
1103483
1103489
1103497
1103519
1103533
1103549
1103561
1103579
1103581
1103587
1103591
1103603
1103611
1103617
1103621
1103629
1103633
1103639
1103699
1103723
1103737
1103749
1103779
1103797
1103803
1103849
1103857
1103863
1103873
1103899
1103903
1103911
1103923
1103933
1103981
1103987
1103989
1104017
1104041
1104079
1104097
1104101
1104107
1104113
1104119
1104137
1104139
1104157
1104179
1104193
1104203
1104209
1104217
1104221
1104241
1104247
1104289
1104293
1104307
1104319
1104331
1104343
1104353
1104373
1104377
1104379
1104403
1104409
1104427
1104431
1104449
1104479
1104491
1104511
1104517
1104533
1104557
1104559
1104589
1104599
1104613
1104619
1104659
1104661
1104671
1104683
1104703
1104707
1104731
1104737
1104739
1104743
1104749
1104751
1104767
1104769
1104781
1104787
1104791
1104797
1104811
1104821
1104823
1104833
1104853
1104877
1104889
1104899
1104913
1104919
1104937
1104941
1104947
1104959
1105009
1105019
1105033
1105061
1105063
1105067
1105109
1105141
1105157
1105163
1105171
1105177
1105193
1105201
1105207
1105213
1105217
1105231
1105261
1105267
1105271
1105309
1105327
1105333
1105337
1105339
1105343
1105387
1105397
1105427
1105441
1105457
1105463
1105501
1105513
1105519
1105537
1105547
1105549
1105571
1105579
1105583
1105589
1105603
1105607
1105609
1105613
1105619
1105627
1105639
1105649
1105651
1105661
1105669
1105691
1105693
1105711
1105757
1105759
1105787
1105807
1105813
1105823
1105847
1105861
1105873
1105879
1105883
1105891
1105913
1105919
1105943
1105961
1105963
1105997
1105999
1106029
1106069
1106087
1106099
1106101
1106129
1106137
1106159
1106167
1106177
1106179
1106197
1106201
1106213
1106219
1106233
1106243
1106249
1106257
1106267
1106279
1106293
1106311
1106317
1106363
1106381
1106401
1106407
1106419
1106423
1106429
1106447
1106449
1106471
1106477
1106489
1106491
1106509
1106527
1106531
1106543
1106563
1106569
1106593
1106621
1106627
1106629
1106653
1106671
1106687
1106689
1106741
1106747
1106761
1106767
1106771
1106779
1106789
1106801
1106821
1106827
1106837
1106839
1106851
1106881
1106891
1106909
1106923
1106927
1106939
1106953
1106957
1106977
1106993
1106999
1107019
1107031
1107047
1107049
1107053
1107083
1107101
1107107
1107109
1107157
1107167
1107173
1107199
1107203
1107217
1107269
1107317
1107319
1107341
1107347
1107383
1107389
1107401
1107409
1107419
1107433
1107439
1107467
1107479
1107487
1107497
1107503
1107511
1107523
1107527
1107553
1107569
1107571
1107581
1107583
1107593
1107619
1107677
1107679
1107721
1107727
1107751
1107763
1107773
1107781
1107787
1107791
1107793
1107797
1107803
1107811
1107823
1107851
1107853
1107881
1107893
1107913
1107917
1107923
1107929
1107937
1107989
1108001
1108007
1108021
1108049
1108057
1108069
1108073
1108091
1108103
1108123
1108127
1108147
1108169
1108171
1108181
1108201
1108207
1108223
1108229
1108241
1108253
1108259
1108267
1108313
1108321
1108337
1108357
1108361
1108363
1108369
1108397
1108423
1108427
1108447
1108453
1108463
1108469
1108477
1108487
1108489
1108501
1108507
1108537
1108543
1108559
1108561
1108567
1108571
1108573
1108579
1108603
1108609
1108619
1108633
1108663
1108691
1108693
1108697
1108703
1108711
1108717
1108727
1108729
1108733
1108739
1108747
1108753
1108759
1108771
1108781
1108801
1108817
1108819
1108823
1108867
1108903
1108907
1108909
1108957
1108967
1108993
1108997
1108999
1109021
1109033
1109057
1109113
1109117
1109123
1109159
1109161
1109167
1109189
1109197
1109219
1109231
1109243
1109249
1109257
1109281
1109287
1109291
1109309
1109327
1109347
1109351
1109363
1109387
1109393
1109399
1109401
1109411
1109431
1109473
1109477
1109489
1109491
1109509
1109513
1109531
1109533
1109561
1109579
1109609
1109611
1109629
1109639
1109653
1109663
1109723
1109737
1109749
1109761
1109783
1109789
1109791
1109813
1109821
1109839
1109851
1109861
1109869
1109881
1109887
1109891
1109897
1109903
1109909
1109921
1109951
1109987
1110007
1110013
1110019
1110023
1110041
1110061
1110077
1110089
1110103
1110127
1110133
1110167
1110181
1110223
1110229
1110247
1110269
1110271
1110289
1110301
1110311
1110313
1110331
1110349
1110353
1110367
1110397
1110401
1110413
1110427
1110433
1110449
1110467
1110479
1110517
1110521
1110523
1110533
1110539
1110541
1110547
1110583
1110587
1110589
1110611
1110617
1110643
1110667
1110679
1110709
1110713
1110719
1110727
1110743
1110773
1110779
1110803
1110817
1110821
1110839
1110859
1110881
1110887
1110913
1110917
1110919
1110929
1110931
1110943
1110953
1110959
1110971
1110973
1110979
1110983
1110997
1111007
1111013
1111021
1111031
1111043
1111049
1111057
1111067
1111081
1111087
1111091
1111151
1111157
1111169
1111181
1111183
1111189
1111211
1111213
1111219
1111247
1111259
1111283
1111289
1111301
1111333
1111339
1111351
1111361
1111379
1111393
1111399
1111423
1111427
1111433
1111447
1111457
1111489
1111493
1111499
1111531
1111543
1111547
1111553
1111559
1111573
1111577
1111637
1111639
1111651
1111661
1111667
1111673
1111687
1111703
1111711
1111723
1111727
1111741
1111757
1111771
1111787
1111793
1111801
1111841
1111853
1111867
1111897
1111921
1111933
1111949
1111963
1111967
1111991
1112003
1112011
1112017
1112047
1112057
1112077
1112081
1112087
1112093
1112107
1112113
1112129
1112131
1112141
1112143
1112147
1112159
1112171
1112197
1112201
1112239
1112269
1112273
1112291
1112323
1112333
1112339
1112341
1112351
1112359
1112369
1112381
1112383
1112389
1112413
1112467
1112471
1112477
1112483
1112509
1112513
1112519
1112543
1112549
1112561
1112567
1112569
1112581
1112591
1112597
1112611
1112623
1112651
1112653
1112663
1112677
1112689
1112707
1112723
1112729
1112731
1112737
1112747
1112777
1112779
1112789
1112821
1112827
1112831
1112833
1112857
1112897
1112899
1112911
1112921
1112941
1112953
1112959
1112971
1112977
1112983
1113011
1113019
1113029
1113043
1113059
1113083
1113089
1113103
1113137
1113149
1113157
1113173
1113181
1113187
1113193
1113197
1113199
1113221
1113239
1113253
1113257
1113317
1113319
1113337
1113349
1113373
1113379
1113401
1113403
1113421
1113451
1113461
1113481
1113491
1113509
1113521
1113527
1113557
1113569
1113587
1113599
1113617
1113643
1113667
1113701
1113703
1113713
1113719
1113751
1113773
1113781
1113787
1113793
1113797
1113809
1113859
1113863
1113877
1113883
1113887
1113899
1113941
1113949
1113953
1113961
1113971
1113991
1113997
1114019
1114031
1114037
1114039
1114049
1114063
1114111
1114117
1114159
1114193
1114207
1114213
1114241
1114249
1114261
1114271
1114273
1114283
1114297
1114301
1114303
1114349
1114361
1114381
1114397
1114423
1114427
1114447
1114471
1114489
1114493
1114501
1114507
1114523
1114541
1114549
1114567
1114573
1114577
1114591
1114601
1114613
1114651
1114657
1114661
1114681
1114693
1114697
1114709
1114721
1114723
1114733
1114753
1114759
1114801
1114807
1114811
1114829
1114837
1114849
1114859
1114873
1114891
1114907
1114909
1114931
1114937
1114943
1114969
1114973
1114987
1114999
1115011
1115027
1115029
1115057
1115071
1115089
1115099
1115113
1115117
1115131
1115189
1115207
1115227
1115237
1115239
1115267
1115269
1115273
1115297
1115299
1115321
1115327
1115329
1115351
1115363
1115381
1115399
1115407
1115417
1115419
1115447
1115449
1115453
1115467
1115497
1115501
1115519
1115531
1115533
1115539
1115551
1115561
1115567
1115573
1115579
1115581
1115599
1115627
1115633
1115641
1115657
1115683
1115701
1115711
1115713
1115731
1115743
1115759
1115767
1115771
1115773
1115789
1115831
1115839
1115843
1115857
1115879
1115899
1115911
1115923
1115929
1115941
1115987
1115993
1116001
1116053
1116077
1116091
1116107
1116133
1116163
1116173
1116187
1116209
1116223
1116229
1116257
1116277
1116281
1116289
1116301
1116317
1116319
1116329
1116337
1116347
1116371
1116419
1116431
1116439
1116449
1116461
1116469
1116473
1116491
1116499
1116523
1116541
1116547
1116569
1116571
1116593
1116601
1116631
1116637
1116641
1116653
1116659
1116677
1116701
1116743
1116749
1116751
1116809
1116821
1116851
1116853
1116859
1116887
1116889
1116893
1116911
1116937
1116943
1116977
1116989
1117009
1117013
1117021
1117027
1117031
1117033
1117057
1117069
1117073
1117079
1117099
1117111
1117117
1117153
1117169
1117177
1117199
1117243
1117247
1117253
1117267
1117273
1117279
1117301
1117307
1117309
1117321
1117349
1117367
1117379
1117433
1117439
1117451
1117463
1117471
1117477
1117481
1117483
1117489
1117513
1117549
1117553
1117579
1117591
1117601
1117603
1117607
1117609
1117657
1117661
1117673
1117679
1117681
1117709
1117729
1117741
1117757
1117759
1117763
1117769
1117793
1117799
1117811
1117813
1117817
1117819
1117861
1117867
1117877
1117889
1117901
1117913
1117931
1117933
1117939
1117943
1117967
1117973
1117993
1118003
1118009
1118011
1118021
1118023
1118027
1118041
1118063
1118081
1118101
1118113
1118123
1118137
1118147
1118149
1118189
1118197
1118203
1118219
1118261
1118267
1118291
1118303
1118309
1118317
1118339
1118363
1118371
1118393
1118419
1118437
1118441
1118479
1118483
1118497
1118519
1118527
1118563
1118567
1118569
1118599
1118629
1118653
1118659
1118713
1118717
1118723
1118737
1118749
1118773
1118779
1118783
1118797
1118807
1118809
1118827
1118837
1118851
1118857
1118861
1118863
1118867
1118869
1118893
1118911
1118921
1118941
1118947
1118951
1118969
1118987
1118993
1119029
1119037
1119047
1119049
1119077
1119091
1119109
1119121
1119169
1119179
1119221
1119227
1119241
1119269
1119281
1119299
1119319
1119323
1119343
1119359
1119389
1119397
1119403
1119449
1119473
1119523
1119527
1119529
1119557
1119577
1119589
1119607
1119611
1119623
1119649
1119653
1119659
1119673
1119691
1119697
1119707
1119733
1119737
1119779
1119793
1119799
1119809
1119817
1119821
1119823
1119857
1119863
1119871
1119907
1119913
1119947
1119949
1119959
1120001
1120019
1120051
1120073
1120081
1120087
1120109
1120121
1120153
1120157
1120159
1120187
1120211
1120219
1120237
1120271
1120277
1120289
1120291
1120303
1120313
1120319
1120321
1120337
1120349
1120363
1120369
1120391
1120423
1120429
1120459
1120481
1120499
1120501
1120507
1120513
1120517
1120519
1120529
1120541
1120543
1120547
1120549
1120573
1120577
1120591
1120607
1120627
1120633
1120649
1120661
1120663
1120667
1120673
1120687
1120711
1120723
1120727
1120739
1120741
1120747
1120771
1120781
1120783
1120787
1120799
1120807
1120811
1120831
1120837
1120849
1120871
1120883
1120901
1120907
1120913
1120919
1120939
1120957
1120961
1120969
1120993
1121011
1121017
1121023
1121027
1121033
1121047
1121051
1121083
1121093
1121101
1121143
1121147
1121173
1121179
1121189
1121191
1121203
1121221
1121231
1121249
1121257
1121261
1121293
1121297
1121317
1121333
1121347
1121357
1121369
1121377
1121383
1121387
1121389
1121423
1121431
1121443
1121447
1121453
1121509
1121539
1121543
1121557
1121599
1121621
1121629
1121651
1121671
1121689
1121693
1121699
1121707
1121723
1121737
1121819
1121831
1121833
1121837
1121839
1121867
1121899
1121933
1121941
1121947
1121987
1121993
1122001
1122029
1122041
1122053
1122071
1122089
1122091
1122103
1122113
1122131
1122133
1122137
1122139
1122157
1122179
1122181
1122227
1122241
1122259
1122263
1122269
1122281
1122283
1122287
1122367
1122371
1122389
1122397
1122419
1122427
1122431
1122437
1122449
1122467
1122481
1122491
1122529
1122533
1122551
1122571
1122587
1122599
1122623
1122643
1122647
1122659
1122679
1122683
1122701
1122721
1122739
1122749
1122757
1122761
1122811
1122841
1122857
1122887
1122899
1122923
1122937
1122941
1122983
1122997
1123051
1123079
1123081
1123093
1123127
1123151
1123181
1123189
1123211
1123217
1123219
1123231
1123247
1123267
1123279
1123303
1123307
1123319
1123327
1123349
1123351
1123361
1123379
1123391
1123399
1123403
1123427
1123429
1123439
1123477
1123483
1123487
1123501
1123511
1123517
1123531
1123541
1123553
1123561
1123567
1123589
1123597
1123601
1123621
1123631
1123637
1123651
1123667
1123669
1123691
1123693
1123699
1123709
1123729
1123739
1123741
1123747
1123777
1123807
1123841
1123867
1123873
1123879
1123883
1123897
1123901
1123909
1123919
1123931
1123943
1123951
1123961
1123973
1123979
1123999
1124027
1124041
1124051
1124083
1124087
1124107
1124113
1124119
1124131
1124141
1124147
1124197
1124203
1124209
1124219
1124239
1124251
1124267
1124269
1124293
1124297
1124303
1124317
1124351
1124353
1124369
1124377
1124423
1124429
1124437
1124441
1124443
1124449
1124509
1124531
1124551
1124561
1124581
1124593
1124597
1124603
1124639
1124647
1124653
1124659
1124681
1124687
1124699
1124719
1124741
1124749
1124759
1124789
1124797
1124803
1124807
1124813
1124831
1124833
1124867
1124869
1124951
1124957
1124969
1124983
1124987
1124993
1125001
1125013
1125017
1125029
1125053
1125097
1125109
1125121
1125127
1125139
1125143
1125151
1125167
1125169
1125193
1125203
1125209
1125217
1125221
1125253
1125259
1125283
1125317
1125323
1125329
1125343
1125359
1125361
1125379
1125391
1125401
1125407
1125419
1125431
1125433
1125469
1125473
1125479
1125499
1125529
1125539
1125557
1125559
1125569
1125571
1125581
1125599
1125629
1125647
1125653
1125679
1125701
1125713
1125739
1125763
1125767
1125793
1125797
1125811
1125823
1125833
1125857
1125871
1125899
1125907
1125911
1125913
1125923
1125931
1125941
1125953
1125973
1125991
1126031
1126033
1126043
1126067
1126093
1126159
1126189
1126201
1126211
1126219
1126247
1126253
1126259
1126283
1126313
1126319
1126343
1126351
1126357
1126361
1126381
1126387
1126397
1126399
1126421
1126439
1126441
1126457
1126459
1126483
1126501
1126513
1126519
1126523
1126537
1126553
1126561
1126577
1126579
1126597
1126627
1126649
1126661
1126663
1126667
1126669
1126693
1126703
1126711
1126751
1126759
1126771
1126781
1126787
1126823
1126831
1126837
1126843
1126847
1126859
1126861
1126889
1126897
1126963
1126973
1126991
1126999
1127011
1127029
1127033
1127039
1127051
1127081
1127101
1127111
1127123
1127149
1127153
1127167
1127177
1127183
1127197
1127209
1127221
1127227
1127239
1127249
1127263
1127281
1127297
1127303
1127309
1127311
1127323
1127333
1127351
1127359
1127369
1127381
1127383
1127393
1127407
1127411
1127443
1127447
1127453
1127461
1127507
1127513
1127527
1127531
1127537
1127557
1127561
1127573
1127587
1127603
1127617
1127629
1127641
1127657
1127663
1127683
1127701
1127741
1127767
1127773
1127801
1127803
1127809
1127813
1127837
1127849
1127857
1127881
1127891
1127911
1127947
1127957
1127969
1127981
1127983
1127993
1128031
1128037
1128089
1128091
1128107
1128109
1128143
1128151
1128161
1128181
1128209
1128223
1128227
1128233
1128247
1128251
1128287
1128289
1128293
1128299
1128301
1128313
1128349
1128371
1128373
1128383
1128397
1128427
1128433
1128451
1128497
1128499
1128503
1128509
1128521
1128527
1128539
1128553
1128557
1128577
1128583
1128599
1128601
1128623
1128629
1128637
1128641
1128643
1128661
1128667
1128691
1128697
1128703
1128713
1128719
1128727
1128731
1128737
1128761
1128763
1128769
1128773
1128779
1128781
1128811
1128821
1128823
1128889
1128899
1128901
1128917
1128931
1128937
1128943
1128947
1128949
1128977
1128979
1128997
1129013
1129019
1129033
1129043
1129103
1129109
1129111
1129127
1129133
1129153
1129159
1129169
1129187
1129211
1129213
1129217
1129229
1129253
1129283
1129307
1129313
1129333
1129343
1129367
1129391
1129399
1129409
1129433
1129439
1129441
1129459
1129477
1129487
1129489
1129501
1129511
1129519
1129523
1129559
1129561
1129571
1129577
1129603
1129619
1129643
1129663
1129679
1129693
1129699
1129717
1129729
1129741
1129747
1129757
1129763
1129787
1129789
1129819
1129831
1129841
1129847
1129853
1129859
1129861
1129889
1129897
1129951
1129957
1129963
1129991
1130011
1130023
1130039
1130047
1130053
1130057
1130081
1130099
1130117
1130123
1130131
1130191
1130237
1130251
1130257
1130267
1130273
1130281
1130287
1130293
1130299
1130317
1130321
1130351
1130359
1130369
1130407
1130413
1130417
1130429
1130431
1130447
1130471
1130497
1130501
1130527
1130561
1130579
1130581
1130587
1130621
1130627
1130629
1130639
1130641
1130651
1130677
1130693
1130699
1130711
1130719
1130737
1130741
1130777
1130783
1130803
1130807
1130809
1130813
1130819
1130827
1130863
1130929
1130939
1130947
1130951
1130953
1130957
1130963
1130981
1131023
1131047
1131049
1131077
1131079
1131083
1131103
1131113
1131121
1131131
1131133
1131139
1131157
1131181
1131191
1131217
1131223
1131239
1131253
1131259
1131269
1131271
1131307
1131323
1131329
1131331
1131341
1131343
1131353
1131379
1131397
1131413
1131419
1131421
1131437
1131451
1131463
1131467
1131479
1131491
1131509
1131523
1131547
1131553
1131569
1131617
1131629
1131643
1131653
1131671
1131677
1131701
1131721
1131727
1131737
1131749
1131751
1131763
1131769
1131787
1131799
1131821
1131827
1131829
1131839
1131857
1131863
1131869
1131881
1131883
1131913
1131917
1131919
1131937
1131943
1131959
1131961
1131973
1131997
1132003
1132009
1132063
1132067
1132091
1132123
1132139
1132141
1132177
1132199
1132223
1132249
1132259
1132291
1132301
1132309
1132321
1132333
1132393
1132403
1132409
1132423
1132429
1132447
1132463
1132471
1132477
1132487
1132499
1132507
1132511
1132519
1132529
1132541
1132561
1132567
1132583
1132597
1132601
1132603
1132627
1132633
1132639
1132643
1132661
1132667
1132673
1132679
1132697
1132721
1132739
1132753
1132783
1132787
1132793
1132811
1132823
1132861
1132877
1132883
1132909
1132919
1132927
1132933
1132949
1132969
1132979
1132987
1132991
1132993
1132997
1133009
1133017
1133039
1133047
1133053
1133071
1133131
1133147
1133149
1133159
1133173
1133177
1133183
1133189
1133191
1133219
1133227
1133239
1133257
1133261
1133263
1133287
1133303
1133317
1133333
1133357
1133359
1133381
1133387
1133459
1133467
1133477
1133479
1133501
1133507
1133513
1133519
1133533
1133537
1133551
1133579
1133591
1133621
1133623
1133633
1133641
1133651
1133653
1133659
1133677
1133681
1133683
1133689
1133731
1133777
1133789
1133809
1133819
1133827
1133837
1133843
1133851
1133857
1133861
1133893
1133897
1133903
1133911
1133933
1133947
1133959
1133963
1133971
1133989
1134031
1134037
1134043
1134047
1134059
1134071
1134079
1134113
1134137
1134143
1134149
1134151
1134163
1134169
1134179
1134187
1134193
1134239
1134241
1134247
1134271
1134283
1134299
1134311
1134313
1134389
1134391
1134403
1134421
1134437
1134443
1134449
1134467
1134479
1134481
1134487
1134503
1134517
1134541
1134557
1134559
1134583
1134587
1134607
1134611
1134619
1134649
1134667
1134673
1134691
1134697
1134703
1134709
1134719
1134769
1134781
1134787
1134811
1134821
1134841
1134863
1134871
1134877
1134883
1134907
1134923
1134929
1134961
1134967
1134977
1134989
1135007
1135009
1135019
1135021
1135061
1135063
1135081
1135087
1135091
1135093
1135103
1135111
1135129
1135133
1135159
1135171
1135187
1135201
1135217
1135229
1135237
1135241
1135247
1135261
1135279
1135283
1135291
1135327
1135333
1135339
1135363
1135367
1135403
1135411
1135427
1135429
1135439
1135451
1135469
1135483
1135513
1135531
1135597
1135613
1135619
1135633
1135643
1135657
1135663
1135699
1135703
1135711
1135721
1135733
1135751
1135777
1135819
1135831
1135837
1135847
1135853
1135859
1135861
1135873
1135879
1135891
1135903
1135913
1135919
1135921
1135951
1135963
1135969
1135997
1135999
1136041
1136053
1136063
1136077
1136081
1136087
1136089
1136111
1136117
1136123
1136129
1136147
1136153
1136183
1136203
1136221
1136227
1136231
1136237
1136287
1136299
1136309
1136327
1136329
1136339
1136357
1136363
1136383
1136389
1136393
1136411
1136417
1136449
1136459
1136461
1136477
1136483
1136557
1136567
1136579
1136587
1136593
1136609
1136617
1136623
1136627
1136633
1136647
1136651
1136659
1136669
1136699
1136717
1136719
1136741
1136749
1136767
1136809
1136813
1136819
1136831
1136833
1136843
1136869
1136897
1136917
1136921
1136939
1136951
1136969
1136981
1136983
1136999
1137001
1137007
1137029
1137067
1137091
1137109
1137137
1137139
1137161
1137163
1137167
1137179
1137203
1137209
1137229
1137233
1137247
1137263
1137271
1137289
1137313
1137329
1137337
1137341
1137403
1137407
1137427
1137439
1137457
1137481
1137503
1137527
1137529
1137547
1137551
1137553
1137569
1137611
1137613
1137629
1137659
1137667
1137673
1137677
1137707
1137733
1137743
1137749
1137767
1137781
1137803
1137809
1137811
1137817
1137859
1137863
1137869
1137881
1137883
1137887
1137889
1137911
1137919
1137937
1137953
1137959
1137973
1137977
1137991
1138019
1138057
1138061
1138091
1138097
1138117
1138127
1138141
1138147
1138171
1138183
1138213
1138237
1138273
1138363
1138367
1138369
1138391
1138393
1138409
1138411
1138427
1138429
1138433
1138441
1138451
1138457
1138483
1138519
1138547
1138559
1138567
1138589
1138591
1138637
1138639
1138649
1138667
1138673
1138679
1138681
1138703
1138717
1138729
1138733
1138741
1138751
1138757
1138771
1138777
1138793
1138829
1138831
1138849
1138853
1138867
1138883
1138901
1138919
1138957
1138961
1138967
1138979
1138987
1138997
1138999
1139003
1139011
1139041
1139059
1139081
1139087
1139123
1139141
1139143
1139147
1139191
1139197
1139227
1139239
1139249
1139263
1139269
1139273
1139287
1139291
1139293
1139309
1139321
1139329
1139353
1139387
1139393
1139407
1139423
1139461
1139471
1139473
1139483
1139491
1139503
1139519
1139521
1139531
1139539
1139549
1139557
1139573
1139587
1139623
1139669
1139681
1139683
1139687
1139713
1139717
1139741
1139771
1139773
1139779
1139807
1139819
1139843
1139849
1139851
1139861
1139863
1139869
1139909
1139911
1139917
1139921
1139951
1139959
1139989
1139993
1140091
1140101
1140103
1140121
1140127
1140131
1140137
1140143
1140157
1140163
1140197
1140203
1140233
1140239
1140253
1140257
1140281
1140289
1140311
1140319
1140341
1140353
1140371
1140379
1140383
1140389
1140413
1140421
1140431
1140439
1140449
1140463
1140487
1140493
1140533
1140539
1140563
1140569
1140571
1140577
1140611
1140619
1140637
1140677
1140679
1140691
1140697
1140709
1140721
1140749
1140787
1140803
1140847
1140851
1140859
1140863
1140871
1140901
1140911
1140913
1140929
1140949
1140959
1140967
1140973
1140983
1140991
1141009
1141013
1141027
1141031
1141033
1141039
1141061
1141067
1141081
1141087
1141093
1141097
1141103
1141109
1141123
1141139
1141171
1141219
1141223
1141229
1141241
1141243
1141253
1141267
1141271
1141277
1141279
1141289
1141291
1141303
1141319
1141321
1141351
1141373
1141379
1141381
1141391
1141417
1141423
1141447
1141453
1141477
1141507
1141523
1141529
1141531
1141541
1141571
1141573
1141597
1141631
1141633
1141649
1141661
1141667
1141717
1141739
1141757
1141769
1141801
1141813
1141837
1141849
1141853
1141867
1141871
1141901
1141909
1141949
1141963
1141967
1141969
1141999
1142003
1142017
1142021
1142039
1142041
1142059
1142069
1142083
1142129
1142131
1142159
1142161
1142171
1142191
1142201
1142233
1142237
1142243
1142263
1142269
1142279
1142287
1142311
1142321
1142333
1142353
1142357
1142359
1142363
1142389
1142423
1142431
1142473
1142483
1142503
1142507
1142509
1142539
1142549
1142569
1142573
1142593
1142599
1142633
1142651
1142677
1142693
1142707
1142737
1142759
1142773
1142777
1142783
1142789
1142809
1142821
1142833
1142837
1142851
1142863
1142881
1142891
1142909
1142917
1142923
1142929
1142941
1142959
1142969
1142971
1143013
1143019
1143047
1143049
1143053
1143061
1143067
1143071
1143073
1143089
1143091
1143101
1143113
1143143
1143161
1143167
1143193
1143217
1143223
1143227
1143239
1143257
1143269
1143281
1143283
1143299
1143341
1143347
1143371
1143391
1143407
1143433
1143469
1143473
1143481
1143487
1143529
1143551
1143563
1143577
1143587
1143589
1143601
1143619
1143643
1143647
1143661
1143679
1143697
1143719
1143749
1143763
1143799
1143803
1143809
1143817
1143829
1143851
1143887
1143893
1143943
1143949
1143953
1143959
1143977
1144001
1144007
1144019
1144037
1144061
1144081
1144103
1144139
1144141
1144147
1144153
1144163
1144183
1144193
1144211
1144223
1144243
1144249
1144261
1144271
1144277
1144279
1144291
1144301
1144327
1144333
1144343
1144349
1144357
1144379
1144393
1144399
1144417
1144439
1144441
1144453
1144477
1144483
1144499
1144511
1144519
1144523
1144529
1144537
1144573
1144589
1144603
1144607
1144621
1144643
1144657
1144667
1144681
1144691
1144721
1144723
1144727
1144739
1144757
1144783
1144823
1144837
1144867
1144877
1144879
1144889
1144901
1144903
1144907
1144919
1144931
1144939
1144951
1144973
1144981
1144993
1145003
1145021
1145057
1145059
1145077
1145093
1145099
1145107
1145129
1145141
1145143
1145173
1145189
1145191
1145203
1145213
1145227
1145269
1145281
1145293
1145299
1145303
1145311
1145323
1145327
1145329
1145359
1145369
1145371
1145381
1145387
1145393
1145411
1145429
1145461
1145479
1145497
1145509
1145533
1145537
1145539
1145593
1145611
1145621
1145623
1145659
1145689
1145693
1145713
1145723
1145741
1145743
1145747
1145773
1145789
1145797
1145801
1145803
1145831
1145843
1145849
1145873
1145897
1145899
1145971
1145983
1145999
1146037
1146043
1146049
1146071
1146083
1146091
1146097
1146133
1146143
1146179
1146217
1146221
1146263
1146281
1146307
1146323
1146329
1146331
1146347
1146367
1146391
1146407
1146413
1146419
1146421
1146461
1146487
1146491
1146511
1146521
1146529
1146533
1146539
1146559
1146569
1146581
1146661
1146671
1146679
1146697
1146703
1146709
1146713
1146727
1146731
1146763
1146773
1146779
1146781
1146787
1146791
1146793
1146797
1146799
1146809
1146823
1146829
1146833
1146841
1146857
1146869
1146877
1146881
1146911
1146917
1146931
1146947
1146953
1146967
1146989
1147009
1147021
1147039
1147043
1147051
1147067
1147073
1147099
1147103
1147117
1147127
1147141
1147169
1147183
1147187
1147189
1147193
1147213
1147229
1147231
1147243
1147247
1147249
1147253
1147271
1147273
1147297
1147301
1147331
1147339
1147351
1147379
1147387
1147409
1147417
1147423
1147427
1147441
1147451
1147453
1147459
1147463
1147499
1147507
1147511
1147561
1147567
1147571
1147579
1147583
1147591
1147613
1147621
1147637
1147639
1147669
1147697
1147709
1147711
1147717
1147739
1147759
1147793
1147819
1147841
1147843
1147889
1147897
1147903
1147921
1147931
1147969
1147981
1147987
1147997
1148029
1148039
1148047
1148087
1148089
1148099
1148111
1148167
1148171
1148177
1148219
1148249
1148261
1148263
1148291
1148293
1148297
1148311
1148327
1148339
1148359
1148377
1148387
1148437
1148453
1148489
1148501
1148507
1148513
1148527
1148549
1148561
1148593
1148599
1148621
1148629
1148647
1148663
1148677
1148681
1148687
1148701
1148713
1148729
1148731
1148737
1148747
1148753
1148761
1148773
1148837
1148839
1148857
1148867
1148879
1148921
1148933
1148941
1148957
1148963
1148971
1148977
1148981
1148989
1148999
1149007
1149017
1149037
1149053
1149059
1149061
1149131
1149151
1149157
1149163
1149167
1149191
1149193
1149209
1149221
1149227
1149229
1149233
1149259
1149283
1149307
1149341
1149349
1149361
1149373
1149403
1149409
1149413
1149427
1149457
1149469
1149487
1149493
1149503
1149509
1149521
1149527
1149539
1149559
1149569
1149581
1149587
1149593
1149601
1149607
1149619
1149637
1149641
1149661
1149679
1149689
1149737
1149749
1149769
1149773
1149779
1149803
1149817
1149857
1149859
1149881
1149887
1149901
1149913
1149917
1149919
1149943
1149971
1149979
1149983
1149989
1149991
1150027
1150031
1150057
1150063
1150073
1150081
1150103
1150117
1150139
1150141
1150151
1150159
1150183
1150187
1150199
1150211
1150213
1150217
1150229
1150243
1150249
1150301
1150309
1150349
1150351
1150363
1150397
1150403
1150411
1150417
1150421
1150423
1150447
1150489
1150511
1150519
1150531
1150537
1150547
1150561
1150579
1150603
1150609
1150631
1150649
1150651
1150657
1150661
1150673
1150687
1150703
1150717
1150729
1150733
1150739
1150741
1150757
1150763
1150769
1150777
1150783
1150823
1150837
1150847
1150861
1150867
1150871
1150873
1150879
1150909
1150921
1150927
1150939
1150949
1150957
1150973
1150987
1151021
1151041
1151047
1151057
1151063
1151069
1151083
1151089
1151113
1151141
1151147
1151159
1151167
1151177
1151179
1151203
1151209
1151221
1151233
1151237
1151243
1151251
1151287
1151303
1151317
1151327
1151333
1151363
1151369
1151383
1151389
1151399
1151401
1151413
1151417
1151431
1151441
1151443
1151471
1151473
1151483
1151519
1151537
1151569
1151581
1151593
1151599
1151603
1151611
1151629
1151639
1151651
1151653
1151659
1151671
1151687
1151701
1151713
1151729
1151737
1151747
1151753
1151779
1151807
1151861
1151873
1151879
1151881
1151911
1151933
1151963
1151981
1151987
1151993
1151999
1152023
1152029
1152037
1152071
1152077
1152079
1152091
1152113
1152119
1152121
1152149
1152157
1152161
1152163
1152181
1152187
1152227
1152233
1152287
1152313
1152317
1152337
1152343
1152367
1152383
1152391
1152397
1152419
1152421
1152493
1152509
1152517
1152523
1152527
1152589
1152623
1152629
1152631
1152637
1152643
1152649
1152653
1152667
1152677
1152707
1152733
1152751
1152757
1152761
1152763
1152773
1152791
1152793
1152799
1152841
1152857
1152881
1152887
1152913
1152917
1152937
1152941
1152979
1152989
1152997
1153001
1153007
1153021
1153027
1153049
1153057
1153063
1153073
1153099
1153109
1153123
1153147
1153153
1153157
1153171
1153177
1153183
1153199
1153211
1153219
1153223
1153237
1153241
1153247
1153249
1153261
1153267
1153277
1153309
1153337
1153343
1153349
1153367
1153393
1153421
1153429
1153441
1153457
1153459
1153463
1153483
1153487
1153511
1153517
1153531
1153553
1153573
1153577
1153589
1153597
1153609
1153613
1153639
1153643
1153681
1153687
1153721
1153729
1153751
1153753
1153759
1153769
1153777
1153799
1153811
1153849
1153853
1153871
1153891
1153921
1153967
1153973
1154017
1154029
1154033
1154039
1154047
1154051
1154119
1154123
1154129
1154159
1154173
1154177
1154183
1154207
1154221
1154227
1154233
1154239
1154243
1154267
1154291
1154297
1154299
1154311
1154323
1154327
1154339
1154353
1154359
1154369
1154401
1154411
1154431
1154449
1154467
1154473
1154509
1154513
1154537
1154539
1154551
1154561
1154563
1154567
1154579
1154581
1154603
1154633
1154639
1154651
1154653
1154707
1154723
1154737
1154753
1154771
1154789
1154819
1154821
1154849
1154863
1154887
1154893
1154897
1154911
1154927
1154947
1154969
1154971
1154987
1155001
1155017
1155019
1155053
1155061
1155071
1155097
1155101
1155107
1155127
1155149
1155151
1155169
1155179
1155211
1155223
1155233
1155239
1155247
1155263
1155293
1155311
1155317
1155373
1155377
1155379
1155403
1155419
1155431
1155437
1155449
1155457
1155461
1155499
1155527
1155529
1155569
1155577
1155601
1155607
1155611
1155613
1155617
1155619
1155629
1155631
1155653
1155659
1155689
1155697
1155701
1155703
1155709
1155733
1155821
1155823
1155829
1155841
1155851
1155859
1155863
1155899
1155901
1155907
1155919
1155923
1155929
1155937
1155943
1155953
1155961
1155967
1155971
1155977
1155997
1156009
1156013
1156019
1156031
1156033
1156037
1156039
1156073
1156079
1156087
1156097
1156109
1156121
1156151
1156157
1156171
1156217
1156229
1156231
1156249
1156261
1156271
1156291
1156297
1156303
1156307
1156327
1156333
1156343
1156367
1156369
1156387
1156403
1156423
1156427
1156429
1156451
1156453
1156457
1156483
1156501
1156523
1156537
1156541
1156553
1156567
1156591
1156613
1156627
1156633
1156637
1156643
1156681
1156699
1156709
1156711
1156721
1156741
1156747
1156751
1156769
1156783
1156801
1156807
1156819
1156823
1156847
1156849
1156873
1156907
1156927
1156949
1156963
1156997
1157011
1157017
1157033
1157053
1157059
1157063
1157069
1157077
1157099
1157111
1157131
1157159
1157171
1157179
1157183
1157201
1157203
1157209
1157213
1157227
1157237
1157243
1157251
1157257
1157263
1157279
1157293
1157327
1157333
1157339
1157341
1157357
1157363
1157369
1157381
1157393
1157413
1157437
1157449
1157489
1157491
1157503
1157531
1157539
1157557
1157579
1157591
1157609
1157621
1157627
1157641
1157669
1157671
1157699
1157701
1157711
1157713
1157729
1157747
1157749
1157759
1157771
1157773
1157791
1157831
1157833
1157837
1157839
1157851
1157869
1157873
1157899
1157929
1157953
1157969
1157977
1157987
1158007
1158011
1158037
1158071
1158077
1158089
1158121
1158133
1158139
1158161
1158187
1158197
1158203
1158217
1158247
1158251
1158263
1158271
1158293
1158301
1158307
1158317
1158323
1158341
1158361
1158383
1158389
1158401
1158407
1158419
1158427
1158457
1158461
1158467
1158473
1158481
1158491
1158523
1158529
1158539
1158541
1158551
1158569
1158587
1158593
1158607
1158611
1158613
1158617
1158629
1158643
1158653
1158673
1158679
1158683
1158713
1158719
1158743
1158757
1158761
1158769
1158799
1158821
1158823
1158827
1158841
1158847
1158863
1158881
1158887
1158923
1158953
1158961
1158977
1158991
1159001
1159007
1159027
1159031
1159049
1159063
1159073
1159079
1159087
1159091
1159127
1159139
1159153
1159187
1159189
1159199
1159201
1159229
1159231
1159241
1159243
1159259
1159271
1159283
1159303
1159337
1159339
1159381
1159393
1159397
1159421
1159423
1159429
1159447
1159463
1159489
1159517
1159523
1159531
1159541
1159577
1159583
1159597
1159601
1159633
1159649
1159661
1159663
1159709
1159721
1159777
1159787
1159789
1159811
1159813
1159843
1159853
1159861
1159877
1159889
1159901
1159909
1159919
1159967
1159973
1159981
1159993
1159997
1160009
1160039
1160041
1160057
1160077
1160111
1160129
1160141
1160147
1160161
1160167
1160179
1160207
1160213
1160219
1160221
1160227
1160251
1160279
1160287
1160297
1160303
1160309
1160317
1160351
1160359
1160363
1160371
1160407
1160413
1160429
1160443
1160447
1160449
1160459
1160473
1160479
1160491
1160503
1160513
1160519
1160543
1160567
1160569
1160581
1160597
1160611
1160639
1160659
1160681
1160689
1160713
1160717
1160749
1160771
1160807
1160813
1160837
1160839
1160867
1160893
1160903
1160911
1160927
1160941
1160953
1160977
1160983
1160987
1160989
1161001
1161007
1161011
1161031
1161037
1161047
1161059
1161077
1161091
1161101
1161107
1161113
1161137
1161143
1161163
1161169
1161203
1161217
1161227
1161233
1161239
1161241
1161263
1161269
1161289
1161313
1161317
1161331
1161343
1161371
1161397
1161401
1161403
1161437
1161439
1161443
1161449
1161463
1161481
1161487
1161493
1161497
1161499
1161509
1161521
1161529
1161547
1161551
1161553
1161581
1161599
1161617
1161619
1161637
1161647
1161659
1161683
1161691
1161703
1161749
1161757
1161761
1161767
1161781
1161791
1161829
1161833
1161841
1161851
1161857
1161871
1161877
1161883
1161893
1161929
1161931
1161947
1161949
1161991
1161997
1162009
1162037
1162043
1162061
1162067
1162079
1162081
1162093
1162099
1162129
1162193
1162219
1162223
1162229
1162243
1162253
1162261
1162277
1162279
1162297
1162303
1162321
1162339
1162361
1162367
1162373
1162417
1162423
1162453
1162463
1162471
1162481
1162493
1162501
1162507
1162529
1162537
1162541
1162543
1162547
1162559
1162571
1162573
1162583
1162589
1162597
1162619
1162621
1162631
1162649
1162663
1162669
1162687
1162691
1162709
1162727
1162729
1162741
1162751
1162753
1162771
1162789
1162793
1162807
1162853
1162859
1162867
1162877
1162879
1162897
1162901
1162907
1162927
1162937
1162943
1162951
1162957
1162961
1162969
1162981
1162991
1163003
1163011
1163017
1163033
1163039
1163069
1163077
1163081
1163083
1163093
1163111
1163119
1163131
1163137
1163143
1163147
1163159
1163167
1163177
1163189
1163207
1163221
1163231
1163233
1163251
1163257
1163263
1163273
1163311
1163329
1163333
1163339
1163353
1163417
1163423
1163431
1163441
1163467
1163473
1163479
1163483
1163507
1163521
1163543
1163551
1163557
1163581
1163587
1163609
1163611
1163627
1163629
1163641
1163651
1163653
1163663
1163671
1163689
1163699
1163711
1163713
1163717
1163719
1163737
1163753
1163759
1163783
1163791
1163821
1163831
1163843
1163849
1163873
1163879
1163891
1163923
1163947
1163969
1163971
1163977
1163989
1163993
1164001
1164029
1164043
1164067
1164071
1164077
1164091
1164101
1164173
1164179
1164181
1164193
1164199
1164203
1164217
1164221
1164253
1164287
1164323
1164343
1164367
1164409
1164413
1164419
1164431
1164433
1164439
1164461
1164479
1164497
1164503
1164511
1164521
1164533
1164557
1164571
1164587
1164589
1164593
1164599
1164607
1164617
1164623
1164629
1164641
1164659
1164671
1164689
1164731
1164749
1164791
1164799
1164803
1164811
1164817
1164829
1164841
1164853
1164859
1164869
1164899
1164937
1164941
1164953
1164967
1164979
1164991
1164997
1165001
1165037
1165049
1165051
1165057
1165069
1165079
1165081
1165103
1165121
1165127
1165139
1165147
1165183
1165187
1165189
1165193
1165201
1165207
1165211
1165217
1165223
1165273
1165279
1165301
1165303
1165349
1165357
1165361
1165363
1165379
1165397
1165399
1165421
1165447
1165453
1165471
1165511
1165529
1165531
1165579
1165583
1165643
1165667
1165691
1165711
1165721
1165727
1165729
1165739
1165751
1165777
1165789
1165799
1165819
1165823
1165831
1165837
1165849
1165861
1165873
1165889
1165903
1165909
1165919
1165921
1165933
1165937
1165943
1165949
1165951
1165991
1165993
1166021
1166027
1166041
1166057
1166083
1166089
1166093
1166101
1166107
1166131
1166141
1166147
1166153
1166213
1166219
1166227
1166237
1166287
1166311
1166323
1166329
1166359
1166383
1166393
1166401
1166411
1166413
1166441
1166453
1166479
1166483
1166497
1166507
1166527
1166531
1166533
1166549
1166563
1166567
1166569
1166579
1166597
1166603
1166609
1166617
1166639
1166663
1166677
1166687
1166713
1166723
1166729
1166741
1166773
1166779
1166801
1166807
1166827
1166833
1166839
1166849
1166857
1166861
1166903
1166927
1166929
1166947
1166953
1166969
1166987
1167011
1167013
1167053
1167059
1167077
1167083
1167139
1167143
1167157
1167167
1167193
1167209
1167211
1167217
1167233
1167241
1167251
1167277
1167289
1167293
1167307
1167317
1167329
1167347
1167349
1167359
1167391
1167409
1167421
1167443
1167449
1167469
1167473
1167539
1167547
1167559
1167571
1167581
1167587
1167599
1167613
1167623
1167637
1167653
1167659
1167667
1167689
1167697
1167701
1167703
1167707
1167709
1167731
1167763
1167773
1167791
1167799
1167811
1167821
1167823
1167833
1167839
1167841
1167847
1167853
1167869
1167889
1167899
1167913
1167919
1167937
1167953
1167973
1168001
1168007
1168031
1168039
1168043
1168093
1168133
1168151
1168169
1168183
1168187
1168231
1168241
1168243
1168247
1168249
1168261
1168301
1168319
1168327
1168337
1168339
1168351
1168357
1168361
1168397
1168399
1168403
1168411
1168451
1168463
1168477
1168487
1168493
1168501
1168523
1168537
1168553
1168619
1168621
1168627
1168637
1168639
1168693
1168711
1168721
1168751
1168757
1168763
1168771
1168789
1168799
1168819
1168829
1168831
1168841
1168847
1168859
1168877
1168879
1168897
1168919
1168927
1168931
1168933
1168957
1168969
1168987
1168997
1169009
1169011
1169017
1169023
1169027
1169029
1169059
1169081
1169131
1169137
1169149
1169171
1169177
1169183
1169191
1169249
1169257
1169261
1169269
1169281
1169293
1169323
1169327
1169341
1169347
1169353
1169369
1169381
1169383
1169401
1169411
1169417
1169419
1169449
1169453
1169473
1169477
1169491
1169513
1169521
1169563
1169587
1169591
1169593
1169603
1169627
1169633
1169647
1169669
1169677
1169683
1169687
1169713
1169741
1169747
1169759
1169761
1169767
1169789
1169801
1169809
1169827
1169873
1169879
1169899
1169929
1169933
1169939
1170007
1170011
1170019
1170023
1170031
1170049
1170061
1170067
1170089
1170107
1170109
1170119
1170131
1170133
1170137
1170139
1170167
1170173
1170193
1170203
1170209
1170233
1170251
1170271
1170277
1170311
1170317
1170329
1170349
1170361
1170373
1170397
1170437
1170443
1170451
1170461
1170487
1170497
1170511
1170517
1170523
1170541
1170553
1170563
1170581
1170583
1170593
1170599
1170607
1170641
1170649
1170661
1170667
1170679
1170683
1170707
1170709
1170713
1170721
1170727
1170751
1170779
1170781
1170787
1170803
1170811
1170821
1170833
1170853
1170857
1170863
1170899
1170941
1170947
1170971
1170979
1171031
1171033
1171039
1171057
1171061
1171069
1171073
1171109
1171111
1171117
1171123
1171133
1171189
1171199
1171201
1171207
1171231
1171241
1171243
1171253
1171259
1171267
1171301
1171319
1171343
1171393
1171399
1171421
1171427
1171447
1171451
1171463
1171477
1171517
1171523
1171529
1171549
1171553
1171561
1171579
1171591
1171601
1171619
1171633
1171637
1171661
1171669
1171699
1171721
1171747
1171771
1171783
1171789
1171801
1171811
1171813
1171823
1171837
1171847
1171867
1171921
1171927
1171931
1171957
1171967
1171969
1171979
1171981
1171991
1171999
1172009
1172021
1172023
1172027
1172029
1172047
1172063
1172069
1172081
1172107
1172111
1172147
1172179
1172207
1172233
1172257
1172261
1172273
1172279
1172317
1172329
1172351
1172377
1172393
1172401
1172407
1172411
1172417
1172429
1172443
1172447
1172461
1172467
1172491
1172497
1172503
1172531
1172533
1172537
1172539
1172543
1172573
1172579
1172657
1172659
1172663
1172671
1172681
1172683
1172687
1172713
1172749
1172777
1172783
1172797
1172803
1172807
1172819
1172833
1172867
1172893
1172903
1172921
1172929
1172933
1172939
1172953
1172957
1172959
1172981
1172993
1173001
1173013
1173043
1173059
1173101
1173121
1173127
1173157
1173163
1173173
1173181
1173191
1173199
1173223
1173239
1173259
1173281
1173283
1173301
1173343
1173349
1173373
1173397
1173401
1173407
1173433
1173439
1173463
1173481
1173511
1173521
1173539
1173541
1173551
1173553
1173581
1173583
1173587
1173589
1173593
1173617
1173631
1173709
1173743
1173749
1173779
1173787
1173803
1173811
1173827
1173829
1173841
1173853
1173881
1173883
1173917
1173937
1173941
1173947
1173959
1173961
1173979
1173983
1174021
1174027
1174031
1174049
1174073
1174079
1174091
1174093
1174099
1174141
1174163
1174171
1174193
1174211
1174213
1174231
1174237
1174247
1174259
1174267
1174273
1174301
1174307
1174319
1174331
1174337
1174339
1174361
1174387
1174399
1174423
1174441
1174451
1174463
1174469
1174477
1174487
1174489
1174499
1174507
1174519
1174531
1174549
1174571
1174583
1174601
1174603
1174619
1174627
1174669
1174673
1174681
1174687
1174709
1174721
1174727
1174739
1174759
1174763
1174769
1174781
1174783
1174793
1174801
1174829
1174847
1174879
1174883
1174891
1174897
1174913
1174919
1174949
1174951
1174969
1174973
1175003
1175021
1175029
1175039
1175071
1175077
1175099
1175107
1175123
1175143
1175149
1175173
1175191
1175219
1175243
1175249
1175257
1175267
1175297
1175351
1175353
1175371
1175387
1175389
1175407
1175411
1175413
1175417
1175437
1175467
1175479
1175483
1175497
1175509
1175521
1175561
1175569
1175579
1175591
1175617
1175623
1175627
1175651
1175659
1175677
1175683
1175687
1175711
1175717
1175723
1175729
1175743
1175767
1175789
1175791
1175803
1175807
1175813
1175819
1175821
1175833
1175849
1175857
1175887
1175899
1175927
1175939
1175953
1175959
1175963
1175969
1175981
1175989
1176023
1176029
1176031
1176041
1176061
1176083
1176089
1176113
1176121
1176127
1176137
1176163
1176173
1176187
1176191
1176221
1176223
1176239
1176277
1176293
1176323
1176353
1176361
1176367
1176377
1176391
1176397
1176403
1176407
1176421
1176433
1176449
1176463
1176509
1176521
1176529
1176533
1176557
1176583
1176589
1176599
1176601
1176607
1176631
1176641
1176647
1176671
1176673
1176701
1176709
1176713
1176737
1176767
1176779
1176787
1176793
1176797
1176811
1176827
1176869
1176871
1176881
1176899
1176911
1176937
1176943
1176947
1176949
1176983
1177009
1177019
1177027
1177037
1177067
1177073
1177087
1177093
1177103
1177129
1177147
1177153
1177157
1177159
1177171
1177181
1177201
1177207
1177219
1177223
1177237
1177243
1177247
1177277
1177291
1177331
1177387
1177399
1177427
1177433
1177447
1177453
1177459
1177481
1177489
1177499
1177507
1177513
1177529
1177541
1177543
1177549
1177571
1177609
1177613
1177619
1177621
1177637
1177651
1177667
1177681
1177697
1177711
1177717
1177723
1177733
1177739
1177741
1177751
1177763
1177769
1177801
1177843
1177859
1177873
1177877
1177901
1177919
1177921
1177933
1177949
1177987
1177997
1178003
1178017
1178033
1178039
1178041
1178059
1178069
1178087
1178101
1178113
1178123
1178131
1178141
1178159
1178161
1178167
1178173
1178189
1178197
1178201
1178207
1178213
1178227
1178231
1178237
1178239
1178263
1178269
1178273
1178297
1178347
1178363
1178369
1178371
1178377
1178393
1178417
1178447
1178461
1178479
1178483
1178521
1178533
1178537
1178549
1178557
1178591
1178609
1178621
1178623
1178633
1178641
1178659
1178669
1178689
1178699
1178701
1178707
1178711
1178717
1178719
1178743
1178753
1178767
1178803
1178809
1178833
1178843
1178851
1178887
1178897
1178909
1178921
1178927
1178939
1178953
1178959
1178963
1178971
1178977
1178981
1178993
1179011
1179019
1179047
1179109
1179127
1179149
1179151
1179173
1179179
1179193
1179203
1179223
1179251
1179253
1179259
1179263
1179281
1179287
1179289
1179293
1179317
1179319
1179323
1179329
1179331
1179337
1179379
1179383
1179389
1179403
1179413
1179419
1179421
1179427
1179467
1179491
1179499
1179527
1179547
1179551
1179553
1179569
1179571
1179583
1179589
1179599
1179637
1179641
1179649
1179677
1179733
1179751
1179757
1179779
1179793
1179797
1179839
1179847
1179853
1179859
1179863
1179869
1179883
1179901
1179907
1179929
1179947
1179961
1179973
1179977
1179979
1179989
1179991
1180009
1180013
1180019
1180027
1180031
1180043
1180057
1180073
1180087
1180093
1180099
1180111
1180117
1180121
1180133
1180141
1180159
1180171
1180219
1180237
1180241
1180243
1180247
1180253
1180279
1180303
1180313
1180351
1180369
1180373
1180381
1180391
1180397
1180409
1180423
1180427
1180447
1180477
1180493
1180507
1180519
1180537
1180547
1180549
1180577
1180591
1180631
1180637
1180643
1180657
1180661
1180691
1180693
1180709
1180721
1180723
1180727
1180733
1180757
1180771
1180799
1180807
1180811
1180819
1180847
1180849
1180853
1180859
1180873
1180877
1180891
1180897
1180901
1180903
1180913
1180931
1180937
1180951
1180957
1180961
1180979
1180987
1180997
1181017
1181023
1181039
1181051
1181053
1181057
1181093
1181099
1181137
1181149
1181153
1181171
1181183
1181197
1181203
1181209
1181237
1181263
1181267
1181269
1181281
1181293
1181309
1181311
1181321
1181329
1181407
1181413
1181437
1181443
1181461
1181471
1181473
1181501
1181507
1181519
1181527
1181549
1181561
1181563
1181573
1181581
1181611
1181617
1181633
1181647
1181681
1181699
1181701
1181723
1181729
1181731
1181759
1181767
1181771
1181773
1181777
1181839
1181879
1181881
1181893
1181897
1181911
1181923
1181927
1181963
1181969
1181981
1181987
1182007
1182019
1182023
1182031
1182043
1182073
1182121
1182133
1182143
1182157
1182211
1182253
1182277
1182281
1182283
1182287
1182289
1182331
1182341
1182343
1182347
1182353
1182383
1182397
1182403
1182413
1182421
1182431
1182437
1182439
1182449
1182451
1182463
1182479
1182487
1182491
1182509
1182521
1182539
1182547
1182581
1182593
1182611
1182659
1182677
1182679
1182689
1182691
1182697
1182703
1182737
1182739
1182757
1182763
1182767
1182781
1182787
1182791
1182817
1182847
1182869
1182889
1182893
1182901
1182917
1182919
1182947
1182953
1182967
1182989
1183003
1183027
1183031
1183033
1183057
1183079
1183093
1183103
1183121
1183123
1183141
1183151
1183157
1183159
1183163
1183181
1183199
1183201
1183211
1183213
1183241
1183261
1183267
1183271
1183277
1183279
1183333
1183337
1183349
1183381
1183393
1183397
1183409
1183411
1183423
1183447
1183451
1183471
1183477
1183531
1183537
1183541
1183561
1183571
1183579
1183597
1183607
1183613
1183687
1183697
1183709
1183723
1183729
1183733
1183739
1183753
1183759
1183769
1183771
1183781
1183799
1183811
1183813
1183837
1183843
1183877
1183913
1183933
1183939
1183943
1183951
1183961
1183969
1183981
1183993
1183997
1184003
1184011
1184047
1184059
1184069
1184077
1184081
1184083
1184093
1184119
1184123
1184129
1184143
1184149
1184171
1184173
1184207
1184219
1184243
1184269
1184291
1184299
1184303
1184317
1184329
1184347
1184357
1184363
1184369
1184377
1184399
1184411
1184413
1184423
1184429
1184453
1184459
1184461
1184471
1184473
1184483
1184489
1184507
1184527
1184537
1184539
1184549
1184551
1184587
1184609
1184653
1184663
1184671
1184683
1184731
1184741
1184749
1184759
1184767
1184791
1184797
1184837
1184839
1184867
1184881
1184893
1184903
1184923
1184927
1184933
1184947
1184957
1184959
1184987
1184993
1185013
1185017
1185071
1185077
1185089
1185103
1185109
1185113
1185127
1185131
1185179
1185181
1185241
1185281
1185287
1185299
1185307
1185313
1185319
1185329
1185337
1185343
1185361
1185367
1185377
1185383
1185389
1185403
1185439
1185463
1185469
1185493
1185497
1185511
1185523
1185551
1185559
1185577
1185589
1185601
1185617
1185623
1185637
1185643
1185647
1185659
1185661
1185671
1185677
1185683
1185689
1185697
1185703
1185707
1185721
1185749
1185787
1185791
1185797
1185817
1185823
1185827
1185851
1185859
1185871
1185883
1185889
1185893
1185907
1185929
1185931
1185953
1185979
1185997
1186001
1186033
1186049
1186051
1186057
1186063
1186067
1186079
1186099
1186111
1186117
1186121
1186127
1186147
1186169
1186181
1186217
1186231
1186249
1186259
1186291
1186321
1186337
1186349
1186351
1186373
1186397
1186403
1186411
1186439
1186441
1186489
1186517
1186519
1186541
1186573
1186589
1186597
1186621
1186631
1186657
1186673
1186693
1186697
1186699
1186739
1186741
1186751
1186769
1186789
1186807
1186811
1186813
1186837
1186841
1186847
1186879
1186931
1186937
1186963
1186973
1186981
1187003
1187009
1187023
1187047
1187051
1187089
1187107
1187111
1187117
1187141
1187159
1187167
1187189
1187201
1187227
1187233
1187239
1187261
1187279
1187287
1187309
1187311
1187317
1187321
1187339
1187341
1187353
1187357
1187363
1187369
1187383
1187387
1187411
1187413
1187419
1187429
1187453
1187471
1187479
1187489
1187507
1187509
1187539
1187551
1187561
1187567
1187587
1187623
1187629
1187639
1187657
1187687
1187689
1187699
1187701
1187707
1187717
1187723
1187741
1187749
1187761
1187801
1187803
1187819
1187821
1187833
1187839
1187863
1187867
1187873
1187887
1187897
1187911
1187933
1187939
1187941
1187947
1187981
1187993
1187999
1188001
1188007
1188017
1188029
1188037
1188041
1188049
1188059
1188071
1188073
1188149
1188151
1188167
1188169
1188179
1188197
1188223
1188227
1188233
1188247
1188259
1188263
1188269
1188277
1188287
1188289
1188293
1188307
1188353
1188359
1188361
1188377
1188389
1188409
1188413
1188457
1188491
1188511
1188527
1188529
1188553
1188557
1188559
1188581
1188587
1188601
1188613
1188619
1188637
1188653
1188661
1188667
1188679
1188689
1188721
1188727
1188731
1188763
1188769
1188787
1188839
1188841
1188851
1188857
1188899
1188917
1188931
1188937
1188947
1188973
1188977
1188991
1189003
1189007
1189021
1189033
1189057
1189061
1189063
1189093
1189109
1189121
1189127
1189151
1189159
1189163
1189171
1189189
1189193
1189213
1189219
1189231
1189271
1189277
1189301
1189313
1189327
1189333
1189339
1189361
1189387
1189403
1189417
1189453
1189469
1189471
1189481
1189483
1189553
1189567
1189577
1189579
1189603
1189607
1189613
1189621
1189627
1189631
1189633
1189637
1189649
1189651
1189673
1189703
1189709
1189717
1189751
1189757
1189759
1189763
1189789
1189801
1189807
1189823
1189831
1189843
1189871
1189879
1189891
1189897
1189901
1189907
1189919
1189933
1189967
1189999
1190011
1190023
1190029
1190041
1190047
1190069
1190071
1190081
1190143
1190149
1190159
1190177
1190201
1190237
1190249
1190261
1190263
1190279
1190291
1190311
1190347
1190359
1190381
1190417
1190429
1190447
1190467
1190473
1190477
1190489
1190491
1190507
1190509
1190513
1190533
1190573
1190587
1190591
1190611
1190633
1190639
1190647
1190671
1190699
1190701
1190719
1190723
1190737
1190743
1190753
1190773
1190789
1190807
1190809
1190821
1190831
1190837
1190851
1190873
1190897
1190899
1190911
1190923
1190929
1190947
1190951
1190953
1190983
1191011
1191013
1191019
1191031
1191061
1191077
1191079
1191089
1191097
1191103
1191107
1191109
1191119
1191131
1191149
1191163
1191187
1191191
1191199
1191209
1191221
1191247
1191277
1191283
1191293
1191301
1191313
1191341
1191347
1191353
1191373
1191409
1191431
1191439
1191457
1191481
1191499
1191529
1191539
1191551
1191559
1191563
1191571
1191577
1191601
1191611
1191613
1191637
1191643
1191667
1191679
1191691
1191703
1191719
1191727
1191731
1191739
1191761
1191767
1191769
1191781
1191793
1191809
1191821
1191833
1191847
1191899
1191923
1191937
1191941
1191947
1191973
1191979
1191991
1192013
1192027
1192039
1192069
1192073
1192097
1192099
1192109
1192127
1192141
1192151
1192153
1192171
1192181
1192183
1192187
1192199
1192201
1192207
1192211
1192241
1192253
1192259
1192267
1192271
1192327
1192337
1192339
1192349
1192357
1192369
1192391
1192409
1192417
1192423
1192427
1192453
1192469
1192483
1192517
1192549
1192559
1192561
1192571
1192579
1192589
1192603
1192651
1192673
1192679
1192699
1192717
1192721
1192753
1192781
1192811
1192817
1192823
1192831
1192837
1192847
1192853
1192879
1192883
1192889
1192897
1192903
1192909
1192927
1192937
1192951
1192967
1192969
1193011
1193021
1193041
1193047
1193057
1193081
1193107
1193119
1193123
1193131
1193149
1193161
1193173
1193183
1193209
1193233
1193237
1193239
1193243
1193261
1193267
1193299
1193303
1193329
1193351
1193363
1193369
1193399
1193429
1193431
1193443
1193459
1193473
1193483
1193497
1193501
1193503
1193513
1193537
1193557
1193567
1193573
1193603
1193609
1193617
1193653
1193663
1193683
1193693
1193701
1193707
1193711
1193729
1193737
1193741
1193743
1193761
1193767
1193771
1193783
1193821
1193833
1193837
1193839
1193849
1193867
1193869
1193887
1193909
1193911
1193939
1193947
1193963
1193971
1193989
1193993
1194019
1194023
1194031
1194041
1194047
1194059
1194103
1194157
1194161
1194163
1194203
1194209
1194211
1194241
1194251
1194253
1194269
1194293
1194311
1194329
1194341
1194343
1194373
1194379
1194383
1194407
1194421
1194439
1194443
1194449
1194463
1194493
1194517
1194521
1194541
1194547
1194553
1194581
1194593
1194601
1194631
1194659
1194667
1194671
1194679
1194707
1194727
1194731
1194733
1194751
1194757
1194763
1194769
1194797
1194799
1194803
1194821
1194847
1194857
1194877
1194883
1194889
1194899
1194901
1194917
1194923
1194959
1194961
1194971
1194979
1194997
1195021
1195031
1195037
1195039
1195067
1195091
1195121
1195123
1195127
1195141
1195153
1195169
1195171
1195189
1195193
1195217
1195223
1195231
1195237
1195247
1195277
1195291
1195361
1195387
1195421
1195429
1195459
1195463
1195477
1195483
1195489
1195501
1195543
1195547
1195549
1195561
1195567
1195573
1195589
1195669
1195673
1195679
1195681
1195693
1195703
1195709
1195721
1195723
1195741
1195751
1195759
1195771
1195801
1195807
1195811
1195837
1195849
1195891
1195897
1195907
1195919
1195927
1195937
1195979
1195991
1196003
1196029
1196033
1196059
1196077
1196087
1196089
1196119
1196123
1196141
1196177
1196191
1196201
1196219
1196227
1196231
1196267
1196269
1196281
1196287
1196309
1196323
1196329
1196347
1196357
1196359
1196399
1196401
1196413
1196431
1196471
1196473
1196491
1196501
1196509
1196513
1196519
1196521
1196537
1196539
1196593
1196597
1196603
1196609
1196633
1196653
1196683
1196707
1196717
1196719
1196729
1196731
1196773
1196809
1196813
1196837
1196843
1196857
1196861
1196863
1196869
1196873
1196891
1196911
1196927
1196939
1196959
1196999
1197011
1197013
1197017
1197029
1197037
1197041
1197059
1197067
1197073
1197103
1197107
1197113
1197121
1197167
1197181
1197187
1197193
1197197
1197199
1197211
1197221
1197239
1197257
1197263
1197269
1197277
1197281
1197289
1197307
1197337
1197347
1197349
1197353
1197359
1197367
1197389
1197407
1197409
1197433
1197451
1197467
1197473
1197479
1197509
1197527
1197571
1197577
1197601
1197617
1197619
1197631
1197649
1197697
1197709
1197739
1197743
1197751
1197767
1197799
1197821
1197827
1197829
1197881
1197901
1197907
1197923
1197929
1197941
1197947
1197953
1197971
1197997
1198013
1198033
1198037
1198049
1198051
1198063
1198069
1198073
1198081
1198103
1198123
1198133
1198151
1198157
1198187
1198189
1198201
1198217
1198229
1198247
1198259
1198261
1198289
1198291
1198297
1198303
1198321
1198343
1198361
1198363
1198397
1198399
1198403
1198411
1198427
1198433
1198447
1198451
1198469
1198481
1198511
1198513
1198523
1198537
1198583
1198607
1198609
1198621
1198643
1198651
1198661
1198669
1198679
1198699
1198727
1198751
1198793
1198811
1198819
1198849
1198853
1198861
1198867
1198877
1198903
1198927
1198949
1198973
1198979
1198991
1198997
1198999
1199039
1199047
1199069
1199083
1199087
1199089
1199117
1199123
1199131
1199137
1199167
1199183
1199189
1199203
1199257
1199309
1199329
1199351
