1700021
1700047
1700053
1700059
1700077
1700087
1700099
1700107
1700129
1700141
1700143
1700161
1700173
1700189
1700197
1700219
1700233
1700267
1700269
1700287
1700297
1700327
1700339
1700341
1700353
1700359
1700371
1700383
1700423
1700431
1700437
1700441
1700471
1700477
1700513
1700533
1700549
1700563
1700591
1700593
1700603
1700609
1700617
1700627
1700651
1700659
1700669
1700683
1700687
1700719
1700723
1700729
1700749
1700759
1700761
1700767
1700771
1700801
1700807
1700813
1700819
1700849
1700851
1700917
1700921
1700981
1700983
1700987
1701017
1701019
1701023
1701041
1701043
1701047
1701059
1701061
1701079
1701101
1701121
1701137
1701151
1701179
1701181
1701199
1701233
1701239
1701263
1701269
1701277
1701289
1701299
1701307
1701313
1701361
1701367
1701389
1701391
1701397
1701433
1701437
1701439
1701449
1701461
1701487
1701493
1701503
1701509
1701521
1701523
1701527
1701533
1701571
1701577
1701589
1701607
1701613
1701617
1701629
1701641
1701643
1701647
1701653
1701709
1701719
1701727
1701731
1701743
1701757
1701761
1701767
1701803
1701809
1701827
1701829
1701841
1701851
1701857
1701859
1701871
1701877
1701881
1701899
1701901
1701911
1701913
1701967
1701971
1701979
1701991
1702009
1702013
1702061
1702079
1702087
1702093
1702109
1702121
1702133
1702139
1702171
1702177
1702189
1702219
1702237
1702243
1702249
1702291
1702313
1702319
1702321
1702339
1702369
1702373
1702409
1702417
1702423
1702429
1702507
1702511
1702523
1702543
1702549
1702553
1702573
1702577
1702627
1702637
1702639
1702643
1702661
1702663
1702697
1702709
1702711
1702717
1702721
1702739
1702741
1702747
1702751
1702781
1702783
1702801
1702807
1702817
1702819
1702823
1702849
1702867
1702879
1702891
1702901
1702903
1702927
1702931
1702933
1702949
1702963
1702969
1702991
1702993
1703041
1703063
1703071
1703089
1703113
1703123
1703159
1703183
1703203
1703227
1703231
1703237
1703267
1703269
1703287
1703291
1703297
1703323
1703381
1703399
1703413
1703437
1703447
1703453
1703461
1703467
1703479
1703501
1703557
1703563
1703573
1703593
1703599
1703627
1703651
1703683
1703687
1703693
1703707
1703717
1703719
1703731
1703773
1703783
1703809
1703833
1703843
1703851
1703857
1703899
1703903
1703941
1703957
1703963
1703983
1703993
1704023
1704041
1704067
1704077
1704103
1704119
1704121
1704137
1704149
1704161
1704169
1704181
1704187
1704203
1704211
1704217
1704229
1704251
1704271
1704289
1704299
1704343
1704347
1704371
1704377
1704397
1704407
1704421
1704431
1704449
1704463
1704487
1704499
1704511
1704517
1704529
1704551
1704559
1704587
1704589
1704601
1704611
1704613
1704671
1704673
1704679
1704683
1704713
1704727
1704751
1704757
1704763
1704793
1704799
1704803
1704809
1704841
1704847
1704877
1704887
1704893
1704919
1704929
1704931
1704943
1704953
1704961
1704971
1704979
1704991
1705001
1705009
1705021
1705051
1705097
1705103
1705111
1705127
1705129
1705139
1705141
1705153
1705157
1705181
1705189
1705199
1705211
1705241
1705247
1705267
1705271
1705273
1705303
1705309
1705331
1705339
1705369
1705387
1705393
1705397
1705399
1705409
1705433
1705447
1705463
1705481
1705493
1705549
1705579
1705591
1705597
1705601
1705637
1705667
1705679
1705721
1705747
1705757
1705799
1705807
1705813
1705817
1705819
1705829
1705843
1705849
1705859
1705861
1705871
1705883
1705889
1705897
1705903
1705931
1705943
1705973
1705997
1706009
1706057
1706063
1706077
1706087
1706113
1706129
1706141
1706153
1706167
1706179
1706191
1706213
1706227
1706233
1706249
1706251
1706281
1706291
1706293
1706311
1706317
1706323
1706363
1706381
1706387
1706399
1706417
1706437
1706449
1706459
1706473
1706483
1706489
1706491
1706501
1706527
1706533
1706539
1706567
1706569
1706591
1706603
1706629
1706633
1706641
1706651
1706657
1706659
1706687
1706689
1706701
1706741
1706743
1706777
1706791
1706797
1706801
1706821
1706843
1706849
1706857
1706863
1706867
1706869
1706897
1706927
1706951
1706977
1706981
1706989
1707067
1707071
1707073
1707107
1707113
1707119
1707127
1707137
1707161
1707163
1707179
1707197
1707253
1707257
1707301
1707331
1707341
1707347
1707353
1707367
1707371
1707379
1707389
1707403
1707413
1707421
1707437
1707443
1707457
1707467
1707499
1707509
1707521
1707523
1707529
1707533
1707539
1707551
1707577
1707581
1707611
1707617
1707631
1707647
1707649
1707707
1707709
1707733
1707737
1707757
1707767
1707779
1707787
1707791
1707833
1707851
1707863
1707869
1707887
1707889
1707899
1707907
1707913
1707919
1707931
1707941
1707943
1707947
1707977
1707983
1708009
1708033
1708037
1708039
1708051
1708067
1708079
1708087
1708103
1708159
1708163
1708169
1708181
1708207
1708219
1708229
1708247
1708283
1708307
1708321
1708339
1708351
1708363
1708373
1708387
1708391
1708397
1708409
1708411
1708439
1708453
1708457
1708493
1708507
1708513
1708523
1708529
1708541
1708543
1708571
1708573
1708579
1708607
1708621
1708639
1708649
1708657
1708669
1708703
1708717
1708741
1708769
1708781
1708783
1708799
1708807
1708829
1708853
1708859
1708871
1708909
1708939
1708943
1708951
1708961
1708963
1708979
1708981
1708991
1708997
1709009
1709017
1709033
1709047
1709077
1709087
1709093
1709131
1709137
1709143
1709161
1709189
1709203
1709209
1709233
1709243
1709251
1709261
1709263
1709269
1709287
1709317
1709321
1709327
1709339
1709341
1709353
1709359
1709377
1709387
1709443
1709453
1709473
1709479
1709483
1709489
1709497
1709501
1709507
1709509
1709527
1709593
1709599
1709611
1709633
1709663
1709671
1709689
1709693
1709699
1709711
1709713
1709749
1709767
1709783
1709789
1709837
1709861
1709863
1709909
1709923
1709933
1709941
1709951
1709959
1709963
1709969
1709971
1709989
1709993
1709999
1710011
1710017
1710061
1710077
1710083
1710091
1710097
1710131
1710139
1710161
1710167
1710179
1710193
1710197
1710199
1710221
1710229
1710253
1710263
1710287
1710299
1710307
1710311
1710337
1710341
1710343
1710347
1710383
1710389
1710403
1710407
1710409
1710413
1710419
1710431
1710439
1710493
1710517
1710529
1710539
1710593
1710601
1710607
1710613
1710617
1710619
1710629
1710647
1710661
1710677
1710689
1710691
1710697
1710701
1710757
1710767
1710781
1710791
1710799
1710833
1710851
1710853
1710857
1710869
1710871
1710881
1710923
1710937
1710953
1710959
1710997
1711019
1711043
1711049
1711051
1711069
1711081
1711091
1711093
1711097
1711103
1711117
1711123
1711153
1711163
1711181
1711189
1711207
1711277
1711279
1711289
1711291
1711327
1711351
1711379
1711397
1711399
1711427
1711447
1711459
1711471
1711481
1711487
1711511
1711517
1711519
1711547
1711553
1711561
1711573
1711613
1711621
1711639
1711643
1711651
1711669
1711673
1711687
1711753
1711763
1711793
1711799
1711811
1711813
1711817
1711819
1711859
1711889
1711891
1711901
1711909
1711921
1711937
1711949
1711961
1711967
1711973
1711979
1711981
1711993
1712017
1712047
1712057
1712077
1712129
1712141
1712149
1712153
1712171
1712173
1712177
1712197
1712203
1712213
1712219
1712231
1712237
1712267
1712287
1712311
1712329
1712339
1712353
1712369
1712371
1712383
1712387
1712401
1712407
1712411
1712437
1712467
1712497
1712509
1712519
1712531
1712549
1712551
1712567
1712569
1712617
1712621
1712629
1712639
1712707
1712743
1712747
1712759
1712761
1712771
1712791
1712807
1712813
1712839
1712861
1712881
1712891
1712899
1712917
1712927
1712929
1712933
1712951
1712969
1712981
1712987
1713007
1713043
1713071
1713083
1713121
1713133
1713167
1713181
1713221
1713223
1713227
1713251
1713281
1713289
1713317
1713319
1713329
1713343
1713353
1713373
1713389
1713403
1713449
1713457
1713469
1713493
1713497
1713511
1713521
1713541
1713557
1713559
1713599
1713601
1713637
1713641
1713671
1713683
1713689
1713709
1713713
1713737
1713749
1713763
1713769
1713779
1713791
1713797
1713809
1713823
1713847
1713853
1713863
1713883
1713913
1713919
1713931
1713941
1713977
1713979
1713989
1713997
1714003
1714049
1714057
1714067
1714091
1714117
1714133
1714147
1714151
1714157
1714159
1714171
1714177
1714183
1714187
1714189
1714211
1714241
1714253
1714261
1714289
1714327
1714369
1714387
1714403
1714409
1714411
1714417
1714421
1714423
1714439
1714441
1714457
1714477
1714483
1714499
1714507
1714519
1714529
1714547
1714577
1714591
1714621
1714631
1714633
1714639
1714651
1714663
1714667
1714723
1714729
1714747
1714751
1714759
1714777
1714787
1714789
1714793
1714813
1714819
1714831
1714837
1714849
1714859
1714861
1714871
1714891
1714901
1714919
1714931
1714939
1714957
1714963
1715033
1715039
1715047
1715059
1715099
1715107
1715117
1715123
1715143
1715167
1715177
1715213
1715237
1715243
1715269
1715293
1715309
1715341
1715353
1715369
1715387
1715393
1715407
1715411
1715429
1715449
1715459
1715471
1715473
1715479
1715489
1715507
1715513
1715533
1715537
1715561
1715569
1715599
1715603
1715617
1715621
1715627
1715683
1715711
1715713
1715717
1715723
1715729
1715737
1715741
1715761
1715767
1715771
1715783
1715789
1715797
1715807
1715821
1715849
1715851
1715867
1715873
1715887
1715899
1715911
1715927
1715971
1715983
1716037
1716041
1716047
1716049
1716059
1716079
1716089
1716103
1716107
1716109
1716139
1716149
1716163
1716181
1716203
1716217
1716241
1716263
1716271
1716277
1716287
1716311
1716313
1716317
1716343
1716359
1716361
1716367
1716389
1716391
1716397
1716401
1716413
1716419
1716427
1716443
1716457
1716469
1716497
1716499
1716509
1716521
1716529
1716551
1716557
1716577
1716599
1716613
1716619
1716623
1716647
1716653
1716661
1716667
1716683
1716691
1716703
1716733
1716751
1716761
1716787
1716791
1716797
1716839
1716853
1716889
1716893
1716901
1716917
1716931
1716937
1716941
1716943
1716971
1716991
1717007
1717043
1717063
1717081
1717099
1717117
1717129
1717139
1717151
1717169
1717181
1717217
1717229
1717237
1717241
1717283
1717297
1717321
1717337
1717343
1717349
1717361
1717363
1717379
1717393
1717399
1717439
1717447
1717451
1717477
1717489
1717501
1717517
1717553
1717567
1717591
1717603
1717609
1717621
1717627
1717631
1717637
1717669
1717673
1717687
1717739
1717747
1717787
1717817
1717829
1717853
1717861
1717913
1717951
1717957
1717973
1717981
1717993
1718011
1718027
1718029
1718033
1718039
1718053
1718069
1718083
1718107
1718131
1718137
1718141
1718153
1718159
1718177
1718191
1718203
1718219
1718251
1718267
1718281
1718287
1718291
1718293
1718333
1718357
1718369
1718371
1718383
1718389
1718393
1718401
1718407
1718429
1718441
1718447
1718449
1718459
1718467
1718471
1718473
1718477
1718489
1718503
1718551
1718557
1718567
1718573
1718593
1718599
1718653
1718663
1718669
1718693
1718699
1718701
1718707
1718711
1718713
1718719
1718723
1718747
1718749
1718771
1718789
1718791
1718807
1718861
1718863
1718867
1718869
1718879
1718881
1718891
1718923
1718929
1718933
1718947
1718971
1719001
1719049
1719059
1719143
1719187
1719197
1719203
1719209
1719217
1719233
1719239
1719241
1719271
1719293
1719299
1719301
1719317
1719337
1719343
1719359
1719409
1719413
1719433
1719451
1719469
1719491
1719493
1719517
1719541
1719547
1719551
1719583
1719607
1719611
1719623
1719629
1719643
1719647
1719659
1719667
1719701
1719719
1719721
1719743
1719749
1719763
1719799
1719829
1719841
1719853
1719857
1719859
1719863
1719869
1719877
1719901
1719919
1719923
1719931
1719943
1719947
1719967
1719983
1719989
1720003
1720031
1720039
1720049
1720057
1720063
1720109
1720123
1720133
1720151
1720157
1720163
1720171
1720177
1720181
1720183
1720189
1720211
1720217
1720219
1720223
1720231
1720273
1720289
1720291
1720297
1720307
1720321
1720339
1720361
1720363
1720379
1720399
1720421
1720427
1720429
1720457
1720471
1720513
1720517
1720549
1720591
1720597
1720603
1720613
1720619
1720633
1720639
1720643
1720669
1720679
1720703
1720709
1720711
1720769
1720777
1720781
1720787
1720799
1720843
1720847
1720867
1720897
1720909
1720931
1720933
1720937
1720949
1720951
1720973
1720991
1721003
1721009
1721011
1721023
1721081
1721123
1721143
1721147
1721149
1721183
1721197
1721201
1721227
1721243
1721257
1721261
1721273
1721299
1721323
1721327
1721339
1721347
1721371
1721383
1721407
1721417
1721441
1721449
1721453
1721477
1721497
1721501
1721507
1721509
1721513
1721521
1721543
1721557
1721567
1721569
1721579
1721593
1721633
1721639
1721651
1721659
1721683
1721689
1721693
1721717
1721719
1721729
1721749
1721767
1721773
1721779
1721807
1721809
1721827
1721831
1721857
1721887
1721891
1721893
1721899
1721903
1721911
1721921
1721927
1721983
1722013
1722029
1722031
1722037
1722053
1722067
1722073
1722089
1722113
1722131
1722137
1722163
1722173
1722181
1722187
1722191
1722199
1722209
1722211
1722241
1722251
1722283
1722307
1722319
1722323
1722359
1722373
1722377
1722419
1722431
1722443
1722449
1722463
1722481
1722529
1722551
1722557
1722563
1722587
1722599
1722601
1722607
1722619
1722647
1722649
1722653
1722667
1722713
1722719
1722731
1722737
1722739
1722751
1722793
1722821
1722829
1722839
1722857
1722869
1722883
1722893
1722923
1722937
1722983
1722989
1722991
1723003
1723027
1723031
1723037
1723063
1723109
1723147
1723177
1723193
1723219
1723223
1723231
1723247
1723277
1723291
1723303
1723327
1723333
1723339
1723361
1723369
1723417
1723451
1723453
1723481
1723487
1723489
1723523
1723541
1723573
1723577
1723583
1723609
1723619
1723621
1723627
1723637
1723639
1723651
1723669
1723721
1723723
1723727
1723747
1723751
1723769
1723801
1723807
1723811
1723823
1723837
1723853
1723861
1723903
1723957
1723961
1723973
1723991
1724027
1724029
1724033
1724059
1724083
1724113
1724131
1724147
1724153
1724183
1724201
1724209
1724221
1724227
1724263
1724273
1724299
1724309
1724321
1724329
1724339
1724347
1724351
1724357
1724363
1724389
1724399
1724407
1724413
1724417
1724423
1724441
1724447
1724449
1724453
1724473
1724483
1724507
1724509
1724537
1724551
1724557
1724579
1724581
1724587
1724617
1724627
1724641
1724651
1724663
1724669
1724677
1724683
1724689
1724699
1724713
1724741
1724743
1724761
1724783
1724791
1724813
1724819
1724843
1724857
1724861
1724887
1724893
1724923
1724927
1724929
1724969
1724971
1724981
1724999
1725011
1725013
1725071
1725077
1725079
1725083
1725089
1725091
1725121
1725127
1725133
1725151
1725173
1725179
1725197
1725221
1725223
1725233
1725247
1725259
1725287
1725301
1725307
1725343
1725359
1725379
1725389
1725419
1725463
1725469
1725481
1725497
1725499
1725509
1725527
1725539
1725541
1725557
1725583
1725593
1725617
1725641
1725671
1725683
1725697
1725707
1725743
1725767
1725781
1725811
1725821
1725833
1725859
1725869
1725907
1725923
1725929
1725931
1725937
1725947
1725953
1725961
1725967
1725991
1726003
1726009
1726031
1726033
1726037
1726079
1726091
1726103
1726139
1726147
1726159
1726171
1726189
1726199
1726201
1726211
1726217
1726237
1726253
1726259
1726267
1726273
1726289
1726303
1726313
1726327
1726339
1726343
1726349
1726363
1726379
1726409
1726411
1726429
1726433
1726441
1726447
1726453
1726471
1726477
1726481
1726489
1726513
1726561
1726567
1726577
1726591
1726597
1726601
1726603
1726609
1726643
1726651
1726661
1726667
1726691
1726693
1726729
1726757
1726759
1726787
1726811
1726841
1726859
1726883
1726897
1726903
1726913
1726919
1726927
1726931
1726937
1726939
1726943
1726951
1726957
1726969
1726993
1726997
1727021
1727023
1727029
1727051
1727057
1727069
1727071
1727101
1727113
1727129
1727137
1727161
1727179
1727189
1727191
1727221
1727261
1727263
1727273
1727287
1727291
1727293
1727317
1727321
1727329
1727339
1727377
1727381
1727393
1727417
1727437
1727441
1727483
1727491
1727503
1727513
1727521
1727527
1727533
1727563
1727569
1727573
1727587
1727597
1727623
1727639
1727653
1727669
1727683
1727701
1727711
1727717
1727743
1727749
1727771
1727773
1727777
1727779
1727797
1727813
1727819
1727827
1727839
1727851
1727881
1727903
1727911
1727923
1727939
1727941
1727951
1727969
1727987
1727989
1728017
1728019
1728043
1728061
1728071
1728091
1728119
1728121
1728149
1728163
1728179
1728193
1728229
1728247
1728253
1728257
1728269
1728317
1728319
1728323
1728329
1728341
1728361
1728403
1728409
1728439
1728451
1728457
1728481
1728511
1728527
1728539
1728541
1728547
1728581
1728583
1728593
1728659
1728689
1728691
1728697
1728733
1728737
1728739
1728761
1728767
1728773
1728809
1728821
1728823
1728827
1728871
1728889
1728907
1728911
1728949
1728953
1728959
1728967
1728971
1728977
1728983
1728997
1729001
1729033
1729037
1729043
1729051
1729103
1729109
1729127
1729129
1729141
1729153
1729157
1729187
1729193
1729207
1729229
1729237
1729249
1729253
1729261
1729279
1729283
1729307
1729309
1729327
1729333
1729363
1729369
1729373
1729379
1729391
1729433
1729447
1729457
1729477
1729487
1729493
1729499
1729517
1729523
1729543
1729591
1729621
1729633
1729681
1729687
1729697
1729709
1729711
1729723
1729727
1729747
1729757
1729759
1729771
1729789
1729799
1729813
1729823
1729829
1729841
1729843
1729877
1729891
1729901
1729909
1729921
1729927
1729943
1729957
1729961
1730041
1730063
1730081
1730087
1730089
1730101
1730119
1730147
1730149
1730153
1730167
1730171
1730177
1730207
1730213
1730237
1730263
1730299
1730303
1730317
1730353
1730357
1730371
1730429
1730431
1730437
1730441
1730461
1730471
1730473
1730507
1730551
1730567
1730579
1730581
1730591
1730623
1730657
1730671
1730683
1730693
1730713
1730717
1730723
1730741
1730779
1730789
1730791
1730797
1730809
1730831
1730849
1730851
1730863
1730867
1730873
1730887
1730891
1730899
1730917
1730921
1730929
1730941
1730959
1730983
1730999
1731007
1731013
1731053
1731073
1731083
1731091
1731113
1731167
1731179
1731181
1731199
1731209
1731221
1731227
1731251
1731253
1731287
1731311
1731313
1731349
1731361
1731377
1731383
1731397
1731407
1731421
1731437
1731449
1731479
1731491
1731493
1731497
1731511
1731539
1731551
1731559
1731571
1731589
1731593
1731617
1731643
1731659
1731701
1731703
1731721
1731731
1731733
1731767
1731823
1731853
1731857
1731871
1731887
1731893
1731913
1731929
1731931
1731937
1731941
1731949
1731953
1731971
1731979
1731991
1732037
1732039
1732043
1732051
1732057
1732109
1732117
1732139
1732193
1732219
1732231
1732253
1732261
1732267
1732271
1732273
1732277
1732301
1732307
1732319
1732321
1732327
1732331
1732333
1732343
1732361
1732369
1732387
1732397
1732399
1732421
1732447
1732457
1732463
1732469
1732483
1732499
1732501
1732519
1732529
1732531
1732579
1732597
1732609
1732631
1732649
1732669
1732681
1732697
1732723
1732727
1732763
1732777
1732799
1732811
1732817
1732831
1732847
1732859
1732867
1732873
1732879
1732883
1732891
1732901
1732903
1732909
1732921
1732961
1732967
1732979
1732987
1733003
1733021
1733033
1733041
1733057
1733063
1733077
1733087
1733101
1733113
1733129
1733141
1733143
1733159
1733177
1733183
1733197
1733213
1733227
1733231
1733267
1733273
1733279
1733297
1733309
1733311
1733321
1733327
1733353
1733363
1733383
1733393
1733399
1733449
1733519
1733527
1733539
1733549
1733569
1733581
1733623
1733639
1733647
1733651
1733653
1733659
1733663
1733701
1733713
1733723
1733729
1733741
1733777
1733791
1733801
1733827
1733843
1733869
1733873
1733899
1733903
1733909
1733911
1733917
1733929
1733981
1733989
1733999
1734011
1734023
1734037
1734041
1734043
1734049
1734067
1734071
1734097
1734101
1734121
1734133
1734143
1734151
1734167
1734179
1734193
1734197
1734203
1734247
1734277
1734281
1734311
1734349
1734353
1734367
1734371
1734373
1734401
1734427
1734431
1734463
1734497
1734503
1734511
1734533
1734547
1734559
1734583
1734589
1734599
1734611
1734641
1734647
1734673
1734709
1734713
1734721
1734727
1734737
1734739
1734763
1734767
1734769
1734787
1734793
1734797
1734827
1734841
1734869
1734883
1734899
1734907
1734917
1734937
1734973
1734989
1735001
1735009
1735033
1735043
1735049
1735067
1735103
1735109
1735117
1735121
1735159
1735183
1735199
1735211
1735259
1735271
1735277
1735291
1735301
1735313
1735333
1735339
1735361
1735369
1735397
1735399
1735421
1735423
1735463
1735469
1735477
1735499
1735507
1735519
1735529
1735541
1735549
1735553
1735579
1735627
1735651
1735661
1735673
1735681
1735687
1735703
1735733
1735739
1735753
1735771
1735807
1735813
1735823
1735829
1735831
1735843
1735847
1735849
1735871
1735883
1735889
1735913
1735919
1735931
1735933
1735961
1735967
1735997
1736029
1736051
1736071
1736099
1736101
1736131
1736149
1736153
1736173
1736177
1736179
1736191
1736197
1736213
1736219
1736221
1736233
1736237
1736257
1736269
1736281
1736303
1736347
1736369
1736387
1736389
1736393
1736417
1736419
1736437
1736453
1736459
1736461
1736519
1736531
1736557
1736563
1736599
1736617
1736621
1736639
1736653
1736671
1736677
1736681
1736687
1736689
1736701
1736711
1736729
1736759
1736767
1736789
1736797
1736821
1736827
1736831
1736849
1736851
1736879
1736881
1736921
1736927
1736939
1736951
1736963
1736971
1736981
1736989
1736993
1737007
1737017
1737031
1737041
1737049
1737053
1737059
1737079
1737089
1737101
1737103
1737161
1737199
1737221
1737257
1737269
1737311
1737317
1737331
1737371
1737391
1737401
1737403
1737413
1737427
1737431
1737433
1737479
1737497
1737517
1737521
1737523
1737529
1737551
1737559
1737563
1737599
1737611
1737613
1737623
1737647
1737653
1737661
1737667
1737677
1737679
1737691
1737733
1737739
1737761
1737773
1737793
1737809
1737821
1737863
1737871
1737887
1737899
1737959
1737979
1737991
1738003
1738019
1738021
1738039
1738043
1738049
1738067
1738117
1738127
1738129
1738141
1738153
1738157
1738169
1738171
1738183
1738207
1738211
1738273
1738283
1738307
1738313
1738327
1738343
1738357
1738379
1738381
1738391
1738411
1738417
1738421
1738423
1738427
1738433
1738459
1738487
1738493
1738543
1738549
1738567
1738571
1738589
1738591
1738603
1738609
1738613
1738621
1738651
1738657
1738661
1738669
1738691
1738699
1738703
1738727
1738733
1738739
1738783
1738799
1738813
1738819
1738831
1738837
1738843
1738873
1738901
1738903
1738909
1738921
1738931
1738943
1738951
1738967
1738969
1738973
1738987
1738991
1738993
1739009
1739021
1739039
1739041
1739057
1739063
1739147
1739167
1739173
1739189
1739197
1739201
1739207
1739209
1739233
1739239
1739251
1739291
1739303
1739347
1739351
1739357
1739359
1739377
1739383
1739399
1739401
1739411
1739417
1739443
1739447
1739453
1739461
1739471
1739473
1739483
1739533
1739539
1739557
1739561
1739579
1739581
1739587
1739599
1739603
1739609
1739641
1739653
1739657
1739669
1739677
1739687
1739693
1739719
1739723
1739741
1739747
1739767
1739791
1739807
1739821
1739827
1739833
1739839
1739867
1739869
1739879
1739891
1739897
1739911
1739921
1739951
1739957
1739977
1739981
1740041
1740047
1740049
1740097
1740113
1740119
1740121
1740143
1740169
1740173
1740181
1740187
1740197
1740199
1740209
1740223
1740241
1740251
1740257
1740259
1740283
1740289
1740293
1740301
1740317
1740337
1740353
1740359
1740367
1740373
1740379
1740421
1740437
1740439
1740451
1740461
1740481
1740499
1740503
1740521
1740523
1740527
1740581
1740589
1740611
1740623
1740631
1740649
1740689
1740691
1740701
1740703
1740721
1740731
1740763
1740779
1740787
1740793
1740811
1740821
1740829
1740853
1740857
1740877
1740881
1740911
1740917
1740931
1740943
1740971
1741007
1741013
1741037
1741049
1741063
1741079
1741099
1741111
1741127
1741151
1741153
1741163
1741171
1741213
1741231
1741241
1741249
1741273
1741291
1741319
1741321
1741339
1741351
1741373
1741379
1741381
1741387
1741409
1741427
1741447
1741451
1741459
1741469
1741477
1741511
1741517
1741529
1741541
1741547
1741573
1741603
1741609
1741613
1741651
1741657
1741687
1741693
1741697
1741699
1741723
1741741
1741757
1741781
1741793
1741807
1741811
1741841
1741877
1741879
1741891
1741897
1741903
1741913
1741969
1741979
1742017
1742021
1742033
1742051
1742063
1742077
1742101
1742161
1742171
1742173
1742179
1742197
1742249
1742261
1742297
1742303
1742309
1742339
1742359
1742369
1742383
1742387
1742393
1742401
1742413
1742423
1742443
1742453
1742467
1742473
1742497
1742501
1742513
1742527
1742537
1742539
1742563
1742579
1742591
1742593
1742617
1742647
1742659
1742669
1742677
1742681
1742701
1742707
1742711
1742723
1742731
1742753
1742771
1742773
1742791
1742809
1742843
1742861
1742893
1742899
1742903
1742941
1742947
1742969
1742971
1742989
1742999
1743013
1743017
1743023
1743031
1743047
1743059
1743067
1743113
1743127
1743143
1743149
1743179
1743221
1743229
1743233
1743241
1743271
1743283
1743317
1743341
1743353
1743359
1743397
1743419
1743433
1743437
1743457
1743461
1743463
1743473
1743487
1743491
1743517
1743523
1743527
1743529
1743557
1743569
1743589
1743593
1743601
1743613
1743629
1743631
1743641
1743659
1743661
1743671
1743701
1743713
1743727
1743737
1743739
1743761
1743793
1743803
1743811
1743823
1743827
1743829
1743851
1743869
1743871
1743881
1743919
1743923
1743941
1743971
1744007
1744009
1744027
1744049
1744063
1744087
1744097
1744103
1744111
1744139
1744151
1744187
1744213
1744231
1744243
1744247
1744261
1744273
1744279
1744289
1744307
1744313
1744331
1744357
1744361
1744363
1744367
1744397
1744423
1744429
1744433
1744441
1744469
1744493
1744507
1744517
1744531
1744543
1744549
1744559
1744579
1744583
1744597
1744609
1744621
1744643
1744657
1744663
1744679
1744697
1744709
1744723
1744733
1744753
1744777
1744793
1744801
1744817
1744819
1744859
1744871
1744877
1744891
1744927
1744991
1744993
1745011
1745039
1745057
1745077
1745087
1745111
1745113
1745137
1745141
1745143
1745147
1745153
1745173
1745197
1745213
1745231
1745239
1745257
1745281
1745297
1745311
1745333
1745351
1745353
1745371
1745389
1745431
1745437
1745453
1745459
1745461
1745467
1745479
1745489
1745501
1745519
1745537
1745561
1745581
1745593
1745599
1745621
1745629
1745647
1745669
1745687
1745693
1745699
1745707
1745717
1745729
1745741
1745749
1745753
1745761
1745773
1745789
1745803
1745813
1745831
1745839
1745851
1745879
1745897
1745911
1745921
1745923
1745927
1745957
1745969
1745971
1746007
1746023
1746029
1746037
1746109
1746127
1746139
1746167
1746169
1746179
1746181
1746193
1746203
1746209
1746211
1746259
1746263
1746281
1746287
1746299
1746301
1746307
1746317
1746331
1746337
1746343
1746383
1746389
1746397
1746401
1746419
1746421
1746439
1746443
1746449
1746463
1746497
1746517
1746533
1746539
1746541
1746557
1746581
1746587
1746599
1746601
1746607
1746629
1746637
1746649
1746673
1746677
1746683
1746697
1746707
1746713
1746737
1746743
1746751
1746761
1746763
1746779
1746821
1746847
1746859
1746883
1746893
1746907
1746911
1746923
1746929
1746947
1746949
1746967
1746973
1746991
1747001
1747003
1747007
1747013
1747027
1747033
1747043
1747061
1747063
1747079
1747087
1747099
1747117
1747121
1747153
1747169
1747171
1747181
1747201
1747217
1747231
1747237
1747247
1747271
1747289
1747301
1747303
1747307
1747313
1747327
1747331
1747363
1747367
1747387
1747429
1747433
1747441
1747483
1747489
1747513
1747519
1747531
1747541
1747573
1747579
1747591
1747607
1747619
1747633
1747643
1747661
1747699
1747721
1747723
1747727
1747729
1747763
1747783
1747799
1747847
1747877
1747891
1747903
1747939
1747951
1747969
1747979
1747987
1748003
1748009
1748027
1748029
1748039
1748041
1748051
1748053
1748083
1748107
1748113
1748119
1748129
1748137
1748143
1748167
1748177
1748179
1748189
1748237
1748239
1748261
1748267
1748269
1748291
1748333
1748339
1748359
1748377
1748401
1748407
1748419
1748441
1748459
1748471
1748473
1748477
1748479
1748489
1748491
1748503
1748519
1748563
1748587
1748599
1748611
1748623
1748639
1748647
1748653
1748699
1748707
1748711
1748723
1748737
1748743
1748749
1748777
1748783
1748797
1748833
1748843
1748849
1748863
1748881
1748891
1748899
1748911
1748933
1748941
1748951
1748959
1748963
1748993
1749001
1749023
1749029
1749031
1749047
1749049
1749067
1749071
1749073
1749089
1749091
1749107
1749119
1749133
1749149
1749151
1749157
1749179
1749191
1749211
1749217
1749221
1749229
1749233
1749239
1749247
1749257
1749259
1749263
1749269
1749271
1749277
1749281
1749287
1749313
1749329
1749337
1749359
1749373
1749383
1749389
1749413
1749431
1749439
1749443
1749457
1749467
1749469
1749491
1749493
1749497
1749499
1749509
1749529
1749533
1749569
1749581
1749611
1749617
1749641
1749647
1749673
1749697
1749701
1749703
1749731
1749749
1749779
1749833
1749851
1749859
1749877
1749887
1749899
1749911
1749941
1749949
1749959
1749961
1749967
1749991
1750009
1750013
1750037
1750061
1750069
1750081
1750103
1750123
1750127
1750129
1750141
1750153
1750159
1750169
1750181
1750183
1750193
1750253
1750267
1750271
1750283
1750289
1750297
1750319
1750351
1750361
1750379
1750381
1750391
1750409
1750423
1750447
1750453
1750459
1750493
1750499
1750501
1750513
1750519
1750523
1750531
1750549
1750579
1750583
1750591
1750597
1750607
1750621
1750631
1750657
1750669
1750673
1750681
1750687
1750699
1750733
1750747
1750751
1750769
1750807
1750811
1750871
1750873
1750901
1750909
1750913
1750919
1750927
1750937
1750979
1750981
1750999
1751011
1751023
1751033
1751039
1751041
1751047
1751053
1751063
1751083
1751093
1751117
1751131
1751143
1751149
1751177
1751207
1751213
1751231
1751273
1751291
1751293
1751311
1751327
1751333
1751353
1751377
1751411
1751413
1751419
1751437
1751443
1751467
1751507
1751551
1751557
1751567
1751569
1751573
1751579
1751587
1751599
1751623
1751627
1751639
1751647
1751653
1751671
1751683
1751689
1751693
1751699
1751707
1751719
1751741
1751753
1751767
1751773
1751791
1751801
1751821
1751837
1751851
1751879
1751891
1751923
1751929
1751941
1751947
1751993
1752001
1752007
1752011
1752013
1752029
1752031
1752077
1752097
1752119
1752131
1752137
1752181
1752187
1752193
1752197
1752211
1752221
1752227
1752229
1752239
1752253
1752263
1752269
1752271
1752307
1752319
1752323
1752341
1752353
1752371
1752397
1752403
1752407
1752419
1752437
1752449
1752467
1752481
1752497
1752521
1752529
1752539
1752563
1752599
1752601
1752607
1752613
1752629
1752631
1752643
1752659
1752679
1752691
1752701
1752703
1752719
1752721
1752749
1752757
1752781
1752799
1752811
1752823
1752827
1752841
1752851
1752857
1752871
1752889
1752893
1752901
1752913
1752917
1752923
1752937
1752941
1752943
1752953
1752977
1752979
1752983
1753007
1753013
1753039
1753049
1753051
1753069
1753093
1753109
1753139
1753151
1753177
1753181
1753229
1753243
1753249
1753289
1753291
1753309
1753343
1753373
1753379
1753403
1753417
1753439
1753441
1753459
1753471
1753481
1753513
1753517
1753519
1753537
1753547
1753553
1753559
1753561
1753579
1753597
1753603
1753607
1753613
1753637
1753649
1753651
1753673
1753691
1753733
1753747
1753753
1753769
1753777
1753789
1753799
1753831
1753849
1753853
1753867
1753877
1753883
1753889
1753897
1753901
1753903
1753931
1753943
1753951
1753963
1753967
1753979
1753981
1753991
1754033
1754063
1754113
1754143
1754147
1754153
1754171
1754173
1754189
1754209
1754231
1754237
1754273
1754287
1754293
1754303
1754309
1754323
1754359
1754377
1754381
1754387
1754407
1754411
1754419
1754437
1754447
1754453
1754461
1754491
1754497
1754527
1754531
1754549
1754561
1754567
1754579
1754581
1754591
1754609
1754617
1754629
1754639
1754653
1754659
1754681
1754699
1754713
1754729
1754743
1754749
1754801
1754803
1754843
1754849
1754861
1754867
1754891
1754899
1754911
1754939
1754953
1754957
1754971
1755023
1755037
1755041
1755043
1755059
1755101
1755113
1755133
1755161
1755179
1755181
1755197
1755209
1755241
1755253
1755263
1755287
1755319
1755331
1755343
1755359
1755371
1755401
1755421
1755443
1755451
1755487
1755491
1755493
1755503
1755511
1755517
1755527
1755553
1755563
1755569
1755571
1755583
1755587
1755599
1755629
1755643
1755653
1755697
1755701
1755707
1755713
1755727
1755739
1755749
1755757
1755769
1755773
1755799
1755821
1755823
1755827
1755829
1755839
1755851
1755877
1755883
1755893
1755911
1755937
1755953
1755959
1756009
1756021
1756063
1756093
1756109
1756127
1756141
1756171
1756177
1756187
1756199
1756207
1756213
1756229
1756231
1756259
1756267
1756273
1756309
1756319
1756331
1756333
1756357
1756361
1756369
1756393
1756397
1756409
1756463
1756471
1756483
1756499
1756511
1756519
1756523
1756541
1756549
1756567
1756591
1756597
1756613
1756633
1756639
1756663
1756687
1756691
1756697
1756709
1756747
1756787
1756789
1756793
1756817
1756819
1756823
1756837
1756877
1756883
1756903
1756913
1756919
1756921
1756927
1756939
1756943
1756957
1756969
1756991
1756999
1757033
1757057
1757071
1757083
1757087
1757089
1757143
1757153
1757191
1757201
1757221
1757233
1757237
1757257
1757267
1757309
1757311
1757323
1757339
1757347
1757351
1757363
1757387
1757401
1757411
1757417
1757447
1757449
1757467
1757479
1757491
1757521
1757527
1757531
1757549
1757597
1757617
1757653
1757663
1757677
1757687
1757699
1757741
1757771
1757779
1757801
1757809
1757813
1757827
1757849
1757863
1757869
1757881
1757887
1757897
1757911
1757923
1757927
1757939
1757963
1757971
1757983
1757989
1757993
1757999
1758007
1758019
1758073
1758101
1758131
1758139
1758149
1758161
1758179
1758187
1758193
1758209
1758221
1758233
1758247
1758257
1758269
1758283
1758287
1758301
1758307
1758311
1758329
1758347
1758359
1758371
1758389
1758391
1758397
1758401
1758403
1758433
1758437
1758439
1758443
1758503
1758527
1758539
1758541
1758553
1758623
1758629
1758641
1758689
1758709
1758719
1758727
1758737
1758739
1758761
1758781
1758793
1758797
1758839
1758851
1758857
1758863
1758877
1758893
1758899
1758923
1758929
1758947
1758959
1758983
1758989
1758997
1759003
1759049
1759097
1759103
1759129
1759133
1759159
1759171
1759181
1759213
1759223
1759231
1759249
1759271
1759283
1759291
1759333
1759337
1759349
1759361
1759363
1759379
1759397
1759399
1759427
1759453
1759463
1759469
1759481
1759489
1759493
1759507
1759543
1759553
1759561
1759573
1759579
1759607
1759627
1759643
1759649
1759651
1759663
1759669
1759673
1759711
1759717
1759729
1759763
1759787
1759847
1759867
1759909
1759921
1759939
1759943
1759969
1759987
1759991
1760021
1760047
1760069
1760071
1760081
1760113
1760117
1760131
1760159
1760173
1760203
1760221
1760233
1760261
1760267
1760279
1760281
1760287
1760309
1760327
1760359
1760371
1760389
1760419
1760431
1760449
1760467
1760477
1760491
1760527
1760533
1760557
1760567
1760569
1760593
1760599
1760609
1760641
1760657
1760659
1760669
1760699
1760701
1760723
1760743
1760747
1760753
1760767
1760777
1760779
1760783
1760797
1760813
1760849
1760873
1760881
1760897
1760917
1760921
1760923
1760947
1760953
1760959
1760981
1761029
1761049
1761059
1761077
1761101
1761103
1761107
1761127
1761139
1761161
1761169
1761173
1761187
1761289
1761299
1761301
1761307
1761337
1761367
1761371
1761379
1761407
1761413
1761437
1761449
1761467
1761493
1761503
1761517
1761527
1761553
1761583
1761601
1761611
1761629
1761671
1761677
1761689
1761691
1761703
1761733
1761751
1761757
1761763
1761787
1761797
1761817
1761821
1761827
1761833
1761847
1761853
1761857
1761883
1761901
1761911
1761919
1761941
1761943
1761959
1761973
1761989
1762031
1762039
1762049
1762073
1762087
1762129
1762141
1762157
1762177
1762207
1762213
1762217
1762247
1762259
1762261
1762279
1762297
1762309
1762333
1762361
1762391
1762399
1762427
1762429
1762451
1762457
1762471
1762477
1762499
1762511
1762517
1762531
1762561
1762571
1762583
1762589
1762601
1762603
1762609
1762619
1762627
1762637
1762661
1762681
1762693
1762711
1762721
1762751
1762771
1762777
1762793
1762843
1762853
1762897
1762903
1762907
1762909
1762919
1762921
1762931
1762933
1762963
1762987
1762993
1763011
1763057
1763081
1763089
1763093
1763131
1763137
1763147
1763149
1763159
1763173
1763191
1763207
1763231
1763243
1763263
1763269
1763273
1763297
1763303
1763323
1763381
1763401
1763407
1763413
1763417
1763423
1763429
1763431
1763453
1763459
1763477
1763491
1763513
1763539
1763543
1763549
1763551
1763579
1763603
1763611
1763623
1763627
1763639
1763651
1763677
1763701
1763717
1763719
1763747
1763759
1763803
1763813
1763821
1763843
1763849
1763851
1763857
1763873
1763887
1763897
1763911
1763921
1763929
1763953
1763959
1763963
1763969
1763977
1763981
1764001
1764013
1764029
1764047
1764053
1764067
1764071
1764089
1764097
1764101
1764127
1764151
1764173
1764187
1764193
1764199
1764221
1764223
1764227
1764229
1764251
1764253
1764263
1764281
1764289
1764293
1764299
1764313
1764319
1764349
1764377
1764391
1764407
1764431
1764437
1764449
1764457
1764461
1764463
1764479
1764487
1764541
1764557
1764559
1764577
1764589
1764611
1764619
1764661
1764667
1764671
1764683
1764691
1764727
1764731
1764733
1764743
1764757
1764779
1764809
1764811
1764817
1764823
1764839
1764871
1764877
1764881
1764887
1764899
1764901
1764949
1764977
1764979
1765013
1765033
1765051
1765061
1765063
1765079
1765087
1765121
1765123
1765129
1765139
1765147
1765163
1765187
1765207
1765277
1765289
1765301
1765343
1765349
1765363
1765369
1765403
1765417
1765429
1765469
1765507
1765513
1765541
1765553
1765559
1765567
1765573
1765579
1765597
1765609
1765619
1765627
1765639
1765657
1765661
1765679
1765697
1765703
1765741
1765759
1765769
1765787
1765789
1765817
1765823
1765831
1765843
1765861
1765873
1765877
1765891
1765901
1765913
1765949
1765957
1765969
1765979
1765987
1765997
1765999
1766003
1766021
1766041
1766057
1766087
1766099
1766117
1766123
1766137
1766153
1766159
1766161
1766173
1766179
1766201
1766209
1766227
1766231
1766243
1766251
1766279
1766291
1766309
1766327
1766333
1766353
1766357
1766363
1766399
1766441
1766447
1766459
1766461
1766507
1766509
1766533
1766537
1766539
1766573
1766579
1766581
1766587
1766603
1766617
1766627
1766629
1766663
1766689
1766701
1766707
1766717
1766719
1766729
1766747
1766749
1766761
1766773
1766801
1766803
1766879
1766881
1766899
1766903
1766911
1766939
1766971
1767001
1767011
1767023
1767037
1767041
1767043
1767053
1767071
1767079
1767089
1767091
1767121
1767131
1767137
1767149
1767187
1767203
1767211
1767229
1767239
1767281
1767307
1767313
1767317
1767329
1767331
1767373
1767383
1767397
1767401
1767407
1767419
1767421
1767427
1767449
1767461
1767487
1767499
1767503
1767509
1767517
1767523
1767539
1767553
1767559
1767569
1767593
1767611
1767617
1767641
1767679
1767683
1767691
1767697
1767707
1767737
1767739
1767751
1767763
1767767
1767781
1767809
1767833
1767863
1767877
1767889
1767907
1767911
1767917
1767919
1767923
1767937
1767943
1767947
1767959
1767973
1767979
1768001
1768003
1768037
1768057
1768069
1768127
1768141
1768157
1768181
1768199
1768223
1768229
1768231
1768241
1768243
1768253
1768303
1768313
1768321
1768339
1768343
1768367
1768373
1768379
1768381
1768399
1768411
1768421
1768423
1768433
1768439
1768441
1768471
1768477
1768499
1768517
1768523
1768537
1768541
1768553
1768583
1768589
1768597
1768607
1768609
1768619
1768639
1768651
1768661
1768667
1768673
1768709
1768721
1768727
1768747
1768757
1768759
1768771
1768787
1768801
1768831
1768849
1768853
1768873
1768903
1768927
1768937
1768951
1768967
1768973
1768993
1769017
1769023
1769041
1769069
1769093
1769099
1769101
1769111
1769113
1769129
1769153
1769161
1769167
1769171
1769189
1769197
1769227
1769239
1769281
1769291
1769293
1769297
1769323
1769329
1769333
1769357
1769371
1769399
1769401
1769423
1769431
1769441
1769473
1769501
1769507
1769531
1769539
1769543
1769563
1769591
1769623
1769627
1769633
1769639
1769687
1769701
1769737
1769741
1769749
1769771
1769777
1769791
1769813
1769839
1769851
1769863
1769881
1769891
1769893
1769897
1769909
1769917
1769927
1769947
1769981
1769987
1770001
1770029
1770053
1770061
1770071
1770077
1770089
1770113
1770127
1770143
1770151
1770157
1770163
1770169
1770187
1770199
1770217
1770221
1770233
1770239
1770259
1770271
1770277
1770313
1770331
1770337
1770409
1770427
1770437
1770449
1770463
1770481
1770491
1770493
1770497
1770511
1770521
1770539
1770547
1770551
1770557
1770583
1770589
1770617
1770679
1770683
1770707
1770719
1770739
1770757
1770763
1770773
1770787
1770799
1770817
1770829
1770841
1770851
1770859
1770871
1770883
1770887
1770893
1770911
1770919
1770949
1770961
1770973
1770983
1770991
1770997
1771027
1771031
1771039
1771051
1771057
1771087
1771093
1771097
1771103
1771139
1771151
1771157
1771169
1771177
1771183
1771193
1771201
1771223
1771261
1771271
1771283
1771327
1771337
1771361
1771373
1771387
1771397
1771411
1771421
1771423
1771453
1771457
1771459
1771463
1771481
1771489
1771493
1771507
1771531
1771543
1771559
1771607
1771613
1771633
1771657
1771673
1771687
1771717
1771741
1771747
1771751
1771787
1771793
1771799
1771849
1771877
1771879
1771937
1771963
1771981
1771993
1771999
1772003
1772011
1772033
1772047
1772077
1772087
1772101
1772107
1772119
1772167
1772201
1772209
1772213
1772227
1772237
1772249
1772273
1772291
1772293
1772297
1772317
1772327
1772333
1772341
1772359
1772387
1772399
1772401
1772423
1772461
1772467
1772473
1772483
1772497
1772501
1772531
1772557
1772569
1772579
1772581
1772591
1772593
1772597
1772609
1772623
1772629
1772647
1772677
1772711
1772713
1772723
1772737
1772747
1772759
1772767
1772783
1772801
1772809
1772819
1772851
1772867
1772873
1772893
1772923
1772959
1772971
1772987
1772989
1772993
1773007
1773017
1773029
1773041
1773059
1773067
1773071
1773131
1773143
1773157
1773173
1773179
1773181
1773203
1773227
1773229
1773241
1773259
1773271
1773281
1773283
1773307
1773319
1773337
1773349
1773361
1773371
1773377
1773397
1773407
1773413
1773419
1773439
1773469
1773487
1773511
1773523
1773571
1773581
1773587
1773589
1773601
1773613
1773637
1773641
1773643
1773649
1773671
1773677
1773679
1773683
1773689
1773703
1773713
1773719
1773721
1773749
1773767
1773781
1773791
1773799
1773803
1773823
1773841
1773847
1773853
1773869
1773881
1773883
1773887
1773907
1773911
1773917
1773923
1773949
1773971
1773977
1773979
1773997
1774007
1774009
1774021
1774027
1774043
1774061
1774067
1774117
1774121
1774139
1774159
1774169
1774177
1774183
1774207
1774217
1774247
1774259
1774271
1774301
1774303
1774313
1774321
1774327
1774337
1774349
1774363
1774369
1774373
1774403
1774433
1774447
1774453
1774463
1774489
1774499
1774517
1774523
1774529
1774541
1774547
1774559
1774583
1774601
1774609
1774621
1774637
1774639
1774649
1774667
1774691
1774697
1774699
1774723
1774741
1774757
1774769
1774777
1774813
1774819
1774823
1774859
1774879
1774901
1774909
1774921
1774937
1774939
1774951
1774957
1774973
1774991
1775009
1775017
1775041
1775063
1775069
1775171
1775173
1775183
1775201
1775203
1775219
1775231
1775243
1775261
1775269
1775273
1775281
1775309
1775317
1775329
1775353
1775359
1775387
1775399
1775419
1775441
1775471
1775483
1775489
1775491
1775503
1775533
1775537
1775549
1775551
1775563
1775573
1775591
1775597
1775611
1775629
1775647
1775663
1775671
1775687
1775689
1775717
1775729
1775731
1775737
1775743
1775747
1775777
1775783
1775819
1775831
1775843
1775867
1775869
1775881
1775887
1775903
1775909
1775927
1775933
1775953
1775981
1776011
1776013
1776023
1776031
1776053
1776067
1776091
1776097
1776113
1776119
1776133
1776149
1776169
1776193
1776197
1776209
1776223
1776227
1776239
1776241
1776251
1776263
1776277
1776289
1776301
1776311
1776317
1776319
1776323
1776389
1776403
1776419
1776421
1776433
1776457
1776461
1776469
1776493
1776499
1776539
1776581
1776587
1776617
1776623
1776637
1776659
1776673
1776683
1776701
1776739
1776751
1776757
1776767
1776779
1776787
1776791
1776793
1776821
1776833
1776839
1776847
1776881
1776913
1776923
1776941
1776953
1776961
1776967
1776989
1776997
1777007
1777031
1777043
1777057
1777067
1777079
1777081
1777093
1777103
1777109
1777121
1777133
1777169
1777213
1777219
1777247
1777267
1777289
1777313
1777339
1777351
1777379
1777403
1777411
1777423
1777427
1777441
1777453
1777459
1777481
1777483
1777487
1777513
1777541
1777543
1777547
1777553
1777609
1777661
1777687
1777691
1777703
1777717
1777733
1777751
1777753
1777771
1777781
1777799
1777807
1777823
1777859
1777861
1777871
1777879
1777891
1777907
1777927
1777931
1777933
1777939
1777957
1777973
1777981
1778003
1778009
1778011
1778027
1778033
1778041
1778059
1778069
1778071
1778099
1778111
1778137
1778141
1778159
1778171
1778177
1778197
1778209
1778213
1778219
1778221
1778239
1778243
1778261
1778263
1778279
1778299
1778303
1778317
1778321
1778323
1778341
1778347
1778393
1778411
1778417
1778423
1778443
1778453
1778459
1778461
1778471
1778473
1778477
1778531
1778537
1778549
1778551
1778561
1778593
1778597
1778611
1778633
1778639
1778663
1778677
1778683
1778719
1778729
1778731
1778743
1778747
1778753
1778759
1778801
1778807
1778813
1778851
1778857
1778869
1778879
1778899
1778921
1778927
1778929
1778963
1778971
1778977
1778983
1778993
1779007
1779013
1779017
1779053
1779097
1779109
1779131
1779133
1779137
1779149
1779161
1779163
1779191
1779223
1779227
1779241
1779247
1779269
1779287
1779289
1779299
1779301
1779311
1779329
1779341
1779347
1779361
1779403
1779409
1779443
1779451
1779457
1779461
1779497
1779511
1779529
1779541
1779571
1779601
1779607
1779619
1779623
1779647
1779649
1779677
1779683
1779689
1779691
1779703
1779709
1779761
1779779
1779821
1779823
1779829
1779847
1779857
1779871
1779881
1779889
1779893
1779913
1779931
1779941
1779961
1779983
1780001
1780003
1780007
1780013
1780021
1780027
1780061
1780067
1780069
1780081
1780099
1780127
1780133
1780147
1780151
1780169
1780171
1780187
1780201
1780231
1780253
1780271
1780277
1780283
1780301
1780307
1780309
1780321
1780333
1780349
1780351
1780367
1780379
1780381
1780399
1780411
1780439
1780447
1780459
1780463
1780469
1780481
1780483
1780487
1780489
1780517
1780523
1780549
1780573
1780577
1780579
1780601
1780607
1780613
1780619
1780627
1780633
1780643
1780663
1780703
1780711
1780717
1780771
1780777
1780787
1780799
1780817
1780829
1780837
1780873
1780879
1780901
1780939
1780943
1780957
1780967
1780969
1781009
1781027
1781029
1781047
1781053
1781057
1781063
1781089
1781099
1781113
1781119
1781173
1781203
1781233
1781239
1781287
1781293
1781309
1781317
1781321
1781341
1781357
1781359
1781363
1781369
1781393
1781399
1781407
1781449
1781453
1781467
1781503
1781509
1781519
1781531
1781537
1781543
1781551
1781561
1781567
1781569
1781581
1781609
1781621
1781641
1781653
1781669
1781677
1781693
1781699
1781707
1781743
1781771
1781777
1781779
1781783
1781803
1781827
1781831
1781837
1781851
1781863
1781873
1781881
1781893
1781903
1781921
1781939
1781981
1782043
1782061
1782071
1782083
1782103
1782113
1782139
1782167
1782169
1782173
1782197
1782199
1782203
1782211
1782239
1782241
1782269
1782271
1782281
1782289
1782301
1782329
1782373
1782377
1782379
1782413
1782461
1782463
1782493
1782497
1782499
1782503
1782509
1782511
1782527
1782533
1782551
1782553
1782559
1782563
1782577
1782589
1782607
1782611
1782619
1782629
1782647
1782667
1782679
1782689
1782709
1782743
1782769
1782791
1782797
1782811
1782817
1782829
1782839
1782863
1782883
1782887
1782901
1782917
1782929
1782931
1782947
1782959
1782961
1782971
1782997
1783009
1783037
1783043
1783051
1783069
1783073
1783087
1783099
1783129
1783139
1783163
1783189
1783193
1783211
1783219
1783237
1783241
1783261
1783273
1783277
1783319
1783333
1783361
1783373
1783387
1783391
1783409
1783423
1783427
1783429
1783447
1783469
1783477
1783493
1783499
1783501
1783517
1783519
1783531
1783543
1783553
1783571
1783577
1783601
1783619
1783643
1783667
1783669
1783693
1783699
1783711
1783723
1783729
1783751
1783781
1783783
1783799
1783801
1783813
1783829
1783841
1783843
1783867
1783879
1783883
1783889
1783897
1783907
1783921
1783933
1783937
1783981
1784021
1784023
1784053
1784137
1784171
1784173
1784191
1784203
1784213
1784227
1784231
1784239
1784243
1784257
1784273
1784281
1784287
1784291
1784297
1784327
1784333
1784353
1784389
1784401
1784429
1784441
1784459
1784527
1784533
1784551
1784557
1784561
1784567
1784579
1784581
1784599
1784603
1784611
1784617
1784633
1784641
1784647
1784659
1784683
1784693
1784707
1784719
1784723
1784737
1784743
1784753
1784767
1784773
1784789
1784807
1784833
1784873
1784891
1784903
1784911
1784929
1784941
1784957
1784963
1784977
1784989
1785001
1785019
1785023
1785029
1785041
1785071
1785079
1785097
1785101
1785103
1785109
1785143
1785149
1785151
1785209
1785227
1785241
1785253
1785257
1785293
1785313
1785319
1785331
1785337
1785347
1785367
1785401
1785419
1785431
1785439
1785457
1785473
1785481
1785491
1785503
1785541
1785557
1785587
1785593
1785599
1785613
1785643
1785647
1785683
1785689
1785691
1785701
1785709
1785713
1785727
1785761
1785769
1785779
1785793
1785803
1785811
1785821
1785851
1785853
1785857
1785869
1785913
1785947
1785961
1785977
1786021
1786039
1786079
1786087
1786093
1786097
1786117
1786121
1786129
1786159
1786193
1786201
1786217
1786219
1786223
1786229
1786261
1786271
1786277
1786283
1786327
1786331
1786333
1786339
1786357
1786363
1786381
1786391
1786439
1786441
1786451
1786457
1786459
1786469
1786483
1786489
1786501
1786511
1786541
1786553
1786583
1786591
1786597
1786613
1786621
1786637
1786639
1786667
1786679
1786691
1786699
1786711
1786721
1786727
1786753
1786769
1786781
1786787
1786831
1786843
1786861
1786867
1786909
1786913
1786937
1786943
1786949
1786963
1786973
1786979
1786997
1787011
1787021
1787029
1787033
1787039
1787041
1787087
1787089
1787101
1787129
1787143
1787161
1787167
1787173
1787179
1787189
1787237
1787249
1787251
1787267
1787281
1787293
1787309
1787323
1787333
1787339
1787341
1787347
1787351
1787369
1787377
1787393
1787407
1787417
1787437
1787447
1787453
1787459
1787479
1787509
1787519
1787521
1787557
1787561
1787573
1787587
1787603
1787633
1787651
1787659
1787663
1787683
1787699
1787701
1787707
1787717
1787719
1787741
1787783
1787827
1787831
1787837
1787861
1787869
1787893
1787899
1787911
1787923
1787953
1788011
1788013
1788023
1788037
1788041
1788067
1788097
1788103
1788139
1788151
1788187
1788191
1788211
1788217
1788221
1788229
1788239
1788253
1788257
1788263
1788271
1788313
1788331
1788341
1788361
1788373
1788377
1788433
1788439
1788443
1788473
1788487
1788497
1788509
1788511
1788529
1788539
1788547
1788551
1788571
1788601
1788613
1788623
1788629
1788637
1788649
1788653
1788659
1788667
1788673
1788727
1788739
1788763
1788767
1788769
1788827
1788847
1788863
1788881
1788901
1788911
1788931
1788937
1788949
1788973
1788991
1789001
1789003
1789027
1789033
1789037
1789091
1789093
1789153
1789159
1789163
1789169
1789181
1789201
1789217
1789219
1789223
1789247
1789261
1789309
1789343
1789349
1789367
1789373
1789391
1789399
1789427
1789433
1789451
1789457
1789481
1789483
1789493
1789499
1789517
1789519
1789559
1789583
1789597
1789603
1789621
1789649
1789681
1789687
1789693
1789721
1789751
1789769
1789783
1789787
1789829
1789849
1789867
1789891
1789897
1789919
1789927
1789951
1789973
1789979
1789987
1789993
1789999
1790029
1790051
1790053
1790059
1790071
1790077
1790081
1790111
1790137
1790149
1790203
1790209
1790213
1790221
1790231
1790233
1790263
1790279
1790291
1790293
1790303
1790309
1790311
1790323
1790339
1790353
1790357
1790359
1790363
1790401
1790417
1790419
1790443
1790479
1790483
1790501
1790507
1790521
1790531
1790539
1790557
1790561
1790587
1790599
1790603
1790611
1790623
1790641
1790647
1790651
1790669
1790671
1790683
1790707
1790713
1790743
1790749
1790753
1790759
1790771
1790783
1790791
1790809
1790819
1790857
1790863
1790869
1790879
1790897
1790917
1790939
1790951
1790969
1790989
1791017
1791019
1791037
1791043
1791047
1791077
1791089
1791091
1791113
1791121
1791161
1791169
1791173
1791191
1791193
1791203
1791221
1791247
1791269
1791277
1791289
1791319
1791323
1791329
1791343
1791371
1791403
1791407
1791421
1791431
1791451
1791457
1791463
1791473
1791487
1791497
1791523
1791541
1791551
1791553
1791563
1791599
1791617
1791623
1791637
1791679
1791683
1791689
1791697
1791701
1791709
1791731
1791733
1791737
1791739
1791773
1791787
1791791
1791793
1791847
1791857
1791863
1791883
1791899
1791901
1791941
1791943
1791961
1791967
1791973
1791989
1791991
1792013
1792027
1792031
1792033
1792039
1792051
1792073
1792093
1792103
1792117
1792121
1792129
1792139
1792159
1792163
1792177
1792201
1792207
1792237
1792247
1792249
1792267
1792277
1792279
1792309
1792313
1792319
1792331
1792337
1792339
1792379
1792381
1792387
1792409
1792423
1792433
1792477
1792489
1792493
1792501
1792507
1792523
1792543
1792547
1792559
1792579
1792591
1792601
1792603
1792621
1792663
1792673
1792691
1792709
1792711
1792753
1792757
1792759
1792771
1792787
1792789
1792793
1792849
1792891
1792913
1792927
1792933
1792957
1792979
1792981
1792991
1793017
1793023
1793047
1793059
1793081
1793101
1793107
1793117
1793119
1793123
1793137
1793147
1793153
1793161
1793171
1793173
1793179
1793203
1793219
1793227
1793237
1793251
1793263
1793303
1793321
1793329
1793357
1793359
1793369
1793383
1793387
1793399
1793417
1793419
1793459
1793479
1793497
1793503
1793507
1793569
1793579
1793591
1793599
1793611
1793633
1793639
1793647
1793663
1793669
1793699
1793717
1793719
1793731
1793761
1793767
1793773
1793819
1793833
1793843
1793863
1793887
1793921
1793927
1793929
1793941
1793947
1793963
1793971
1793983
1793989
1794007
1794017
1794029
1794041
1794049
1794053
1794083
1794127
1794137
1794179
1794181
1794203
1794217
1794223
1794229
1794239
1794257
1794269
1794271
1794277
1794293
1794301
1794313
1794323
1794343
1794349
1794361
1794371
1794427
1794431
1794439
1794517
1794521
1794523
1794539
1794547
1794557
1794587
1794589
1794599
1794619
1794623
1794647
1794649
1794659
1794671
1794677
1794679
1794697
1794703
1794719
1794731
1794733
1794757
1794761
1794763
1794769
1794773
1794787
1794811
1794817
1794823
1794829
1794841
1794893
1794913
1794929
1794941
1794967
1794973
1794983
1795007
1795009
1795033
1795039
1795043
1795049
1795061
1795067
1795091
1795099
1795109
1795133
1795141
1795151
1795153
1795181
1795201
1795223
1795229
1795247
1795271
1795273
1795279
1795307
1795327
1795331
1795333
1795337
1795363
1795369
1795411
1795439
1795483
1795487
1795511
1795517
1795529
1795531
1795537
1795543
1795559
1795561
1795571
1795583
1795601
1795603
1795621
1795627
1795639
1795649
1795663
1795669
1795687
1795697
1795699
1795733
1795763
1795769
1795777
1795793
1795811
1795813
1795837
1795847
1795853
1795867
1795877
1795889
1795891
1795921
1795951
1795957
1795961
1795967
1795979
1795987
1795991
1796009
1796021
1796059
